vemquartile,administered_date,total_doses,cumulative_total_doses,pfizer_doses,cumulative_pfizer_doses,moderna_doses,cumulative_moderna_doses,jj_doses,cumulative_jj_doses,partially_vaccinated,total_partially_vaccinated,pct_age16pop_partially_vaccinated,fully_vaccinated,cumulative_fully_vaccinated,pct_age16pop_fully_vaccinated,at_least_one_dose,cumulative_at_least_one_dose,pct_age16pop_at_least_one_dose,age16_population
1,2020-12-15,148,148,148,148,0,0,0,0,148,148,1.8e-05,0,0,0.0,148,148,1.8e-05,8051741
1,2020-12-16,1154,1302,1154,1302,0,0,0,0,1154,1302,0.000162,0,0,0.0,1154,1302,0.000162,8051741
1,2020-12-17,4114,5416,4114,5416,0,0,0,0,4115,5417,0.000673,0,0,0.0,4115,5417,0.000673,8051741
1,2020-12-18,6249,11665,6229,11645,20,20,0,0,6251,11668,0.001449,0,0,0.0,6251,11668,0.001449,8051741
1,2020-12-19,2866,14531,2865,14510,1,21,0,0,2864,14531,0.001805,1,1,0.0,2864,14532,0.001805,8051741
1,2020-12-20,2107,16638,2102,16612,5,26,0,0,2108,16639,0.002067,0,1,0.0,2108,16640,0.002067,8051741
1,2020-12-21,7607,24245,7596,24208,11,37,0,0,7658,24297,0.003018,0,1,0.0,7658,24298,0.003018,8051741
1,2020-12-22,7269,31514,6930,31138,339,376,0,0,7272,31568,0.003921,1,2,0.0,7272,31570,0.003921,8051741
1,2020-12-23,7772,39286,6554,37692,1218,1594,0,0,7767,39335,0.004885,0,2,0.0,7767,39337,0.004886,8051741
1,2020-12-24,3293,42579,2358,40050,935,2529,0,0,3295,42630,0.005295,0,2,0.0,3295,42632,0.005295,8051741
1,2020-12-25,232,42811,149,40199,83,2612,0,0,232,42862,0.005323,0,2,0.0,232,42864,0.005324,8051741
1,2020-12-26,1355,44166,965,41164,390,3002,0,0,1354,44215,0.005491,1,3,0.0,1354,44218,0.005492,8051741
1,2020-12-27,857,45023,527,41691,330,3332,0,0,857,45072,0.005598,0,3,0.0,857,45075,0.005598,8051741
1,2020-12-28,7014,52037,4746,46437,2268,5600,0,0,7013,52085,0.006469,0,3,0.0,7013,52088,0.006469,8051741
1,2020-12-29,8831,60868,4973,51410,3858,9458,0,0,8828,60912,0.007565,1,4,0.0,8828,60916,0.007566,8051741
1,2020-12-30,11593,72461,6473,57883,5120,14578,0,0,11593,72505,0.009005,0,4,0.0,11593,72509,0.009005,8051741
1,2020-12-31,5928,78389,1951,59834,3977,18555,0,0,5927,78431,0.009741,1,5,1e-06,5927,78436,0.009741,8051741
1,2021-01-01,532,78921,179,60013,353,18908,0,0,532,78963,0.009807,0,5,1e-06,532,78968,0.009808,8051741
1,2021-01-02,2883,81804,1745,61758,1138,20046,0,0,2885,81848,0.010165,0,5,1e-06,2885,81853,0.010166,8051741
1,2021-01-03,1019,82823,545,62303,474,20520,0,0,1018,82865,0.010292,1,6,1e-06,1018,82871,0.010292,8051741
1,2021-01-04,7319,90142,3568,65871,3751,24271,0,0,7325,90189,0.011201,1,7,1e-06,7325,90196,0.011202,8051741
1,2021-01-05,10727,100869,5166,71037,5561,29832,0,0,9983,99464,0.012353,731,738,9.2e-05,10006,100202,0.012445,8051741
1,2021-01-06,13951,114820,7026,78063,6925,36757,0,0,12082,109721,0.013627,1831,2569,0.000319,12088,112290,0.013946,8051741
1,2021-01-07,17362,132182,9075,87138,8287,45044,0,0,12940,118344,0.014698,4324,6893,0.000856,12947,125237,0.015554,8051741
1,2021-01-08,20038,152220,10400,97538,9638,54682,0,0,14188,126703,0.015736,5834,12727,0.001581,14193,139430,0.017317,8051741
1,2021-01-09,6623,158843,3354,100892,3269,57951,0,0,4788,129675,0.016105,1820,14547,0.001807,4792,144222,0.017912,8051741
1,2021-01-10,3058,161901,1740,102632,1318,59269,0,0,1869,130372,0.016192,1173,15720,0.001952,1870,146092,0.018144,8051741
1,2021-01-11,18008,179909,11795,114427,6213,65482,0,0,11495,135417,0.016818,6487,22207,0.002758,11532,157624,0.019576,8051741
1,2021-01-12,18804,198713,10639,125066,8165,73647,0,0,12845,142378,0.017683,5918,28125,0.003493,12879,170503,0.021176,8051741
1,2021-01-13,19617,218330,10560,135626,9057,82704,0,0,14493,151784,0.018851,5101,33226,0.004127,14507,185010,0.022978,8051741
1,2021-01-14,21929,240259,9473,145099,12456,95160,0,0,19196,168347,0.020908,2676,35902,0.004459,19239,204249,0.025367,8051741
1,2021-01-15,25119,265378,9299,154398,15820,110980,0,0,23199,189722,0.023563,1871,37773,0.004691,23246,227495,0.028254,8051741
1,2021-01-16,13848,279226,4541,158939,9307,120287,0,0,13008,201895,0.025075,837,38610,0.004795,13010,240505,0.02987,8051741
1,2021-01-17,5173,284399,1988,160927,3185,123472,0,0,4807,206345,0.025627,362,38972,0.00484,4812,245317,0.030468,8051741
1,2021-01-18,14196,298595,8539,169466,5657,129129,0,0,11057,214317,0.026617,3127,42099,0.005229,11099,256416,0.031846,8051741
1,2021-01-19,24615,323210,12868,182334,11747,140876,0,0,19431,228628,0.028395,5169,47268,0.005871,19480,275896,0.034265,8051741
1,2021-01-20,28370,351580,13955,196289,14415,155291,0,0,22734,245814,0.030529,5582,52850,0.006564,22768,298664,0.037093,8051741
1,2021-01-21,30586,382166,14230,210519,16356,171647,0,0,27463,270282,0.033568,3067,55917,0.006945,27535,326199,0.040513,8051741
1,2021-01-22,28070,410236,11144,221663,16926,188573,0,0,26102,294483,0.036574,1927,57844,0.007184,26128,352327,0.043758,8051741
1,2021-01-23,18617,428853,8183,229846,10434,199007,0,0,16697,309285,0.038412,1907,59751,0.007421,16709,369036,0.045833,8051741
1,2021-01-24,6655,435508,4159,234005,2496,201503,0,0,6006,314652,0.039079,643,60394,0.007501,6010,375046,0.046579,8051741
1,2021-01-25,24895,460403,10379,244384,14516,216019,0,0,19340,328545,0.040804,5533,65927,0.008188,19426,394472,0.048992,8051741
1,2021-01-26,28319,488722,13334,257718,14985,231004,0,0,21815,343918,0.042713,6459,72386,0.00899,21832,416304,0.051704,8051741
1,2021-01-27,31471,520193,15334,273052,16137,247141,0,0,23609,359753,0.04468,7798,80184,0.009959,23633,439937,0.054639,8051741
1,2021-01-28,34343,554536,16069,289121,18274,265415,0,0,27635,380782,0.047292,6653,86837,0.010785,27682,467619,0.058077,8051741
1,2021-01-29,33234,587770,16328,305449,16906,282321,0,0,26797,401299,0.04984,6312,93149,0.011569,26829,494448,0.061409,8051741
1,2021-01-30,19975,607745,8626,314075,11349,293670,0,0,17989,417333,0.051831,1962,95111,0.011812,17996,512444,0.063644,8051741
1,2021-01-31,7610,615355,5004,319079,2606,296276,0,0,6875,423475,0.052594,735,95846,0.011904,6877,519321,0.064498,8051741
1,2021-02-01,28275,643630,12246,331325,16029,312305,0,0,20802,436852,0.054256,7431,103277,0.012827,20808,540129,0.067082,8051741
1,2021-02-02,31857,675487,11467,342792,20390,332695,0,0,23978,453045,0.056267,7817,111094,0.013798,24010,564139,0.070064,8051741
1,2021-02-03,38946,714433,14908,357700,24038,356733,0,0,28216,470700,0.058459,10591,121685,0.015113,28246,592385,0.073572,8051741
1,2021-02-04,43632,758065,17096,374796,26536,383269,0,0,31664,490547,0.060924,11864,133549,0.016586,31711,624096,0.077511,8051741
1,2021-02-05,46693,804758,17387,392183,29306,412575,0,0,30727,505470,0.062778,15851,149400,0.018555,30774,654870,0.081333,8051741
1,2021-02-06,26457,831215,10474,402657,15983,428558,0,0,20668,520394,0.064631,5759,155159,0.01927,20683,675553,0.083901,8051741
1,2021-02-07,6201,837416,3984,406641,2217,430775,0,0,4610,523449,0.065011,1573,156732,0.019466,4628,680181,0.084476,8051741
1,2021-02-08,31025,868441,14066,420707,16959,447734,0,0,20740,534045,0.066327,10229,166961,0.020736,20825,701006,0.087063,8051741
1,2021-02-09,38013,906454,16611,437318,21402,469136,0,0,23594,543197,0.067463,14512,181473,0.022538,23664,724670,0.090002,8051741
1,2021-02-10,46644,953098,22044,459362,24600,493736,0,0,26932,550638,0.068387,19567,201040,0.024969,27008,751678,0.093356,8051741
1,2021-02-11,50575,1003673,24965,484327,25610,519346,0,0,30763,561968,0.069795,19530,220570,0.027394,30860,782538,0.097189,8051741
1,2021-02-12,49320,1052993,21316,505643,28004,547350,0,0,28411,569735,0.070759,20773,241343,0.029974,28540,811078,0.100733,8051741
1,2021-02-13,26070,1079063,11341,516984,14729,562079,0,0,15136,574082,0.071299,10865,252208,0.031323,15212,826290,0.102623,8051741
1,2021-02-14,11599,1090662,5483,522467,6116,568195,0,0,6613,575803,0.071513,4957,257165,0.031939,6678,832968,0.103452,8051741
1,2021-02-15,23423,1114085,9245,531712,14178,582373,0,0,14287,581167,0.072179,9038,266203,0.033062,14402,847370,0.105241,8051741
1,2021-02-16,46369,1160454,22117,553829,24252,606625,0,0,27454,589878,0.073261,18851,285054,0.035403,27562,874932,0.108664,8051741
1,2021-02-17,47713,1208167,24071,577900,23642,630267,0,0,26008,594421,0.073825,21602,306656,0.038086,26145,901077,0.111911,8051741
1,2021-02-18,50127,1258294,24970,602870,25157,655424,0,0,26197,597090,0.074157,23729,330385,0.041033,26398,927475,0.115189,8051741
1,2021-02-19,45362,1303656,24562,627432,20800,676224,0,0,25758,603403,0.074941,19507,349892,0.043455,25820,953295,0.118396,8051741
1,2021-02-20,26771,1330427,16309,643741,10462,686686,0,0,15410,607568,0.075458,11321,361213,0.044861,15486,968781,0.120319,8051741
1,2021-02-21,11318,1341745,10085,653826,1233,687919,0,0,6810,609963,0.075755,4463,365676,0.045416,6858,975639,0.121171,8051741
1,2021-02-22,29844,1371589,19575,673401,10269,698188,0,0,17635,615531,0.076447,12162,377838,0.046926,17730,993369,0.123373,8051741
1,2021-02-23,42703,1414292,20852,694253,21851,720039,0,0,24007,621313,0.077165,18577,396415,0.049233,24359,1017728,0.126399,8051741
1,2021-02-24,52721,1467013,25533,719786,27188,747227,0,0,29772,628679,0.07808,22853,419268,0.052072,30219,1047947,0.130152,8051741
1,2021-02-25,64831,1531844,31519,751305,33312,780539,0,0,40842,646134,0.080248,23886,443154,0.055038,41341,1089288,0.135286,8051741
1,2021-02-26,72209,1604053,34128,785433,38081,818620,0,0,48121,670786,0.083309,23938,467092,0.058011,48590,1137878,0.141321,8051741
1,2021-02-27,49659,1653712,22889,808322,26765,845385,5,5,33085,687671,0.085406,16468,483560,0.060057,33353,1171231,0.145463,8051741
1,2021-02-28,19090,1672802,11374,819696,7715,853100,1,6,14105,696991,0.086564,4927,488487,0.060668,14247,1185478,0.147233,8051741
1,2021-03-01,43497,1716299,20037,839733,23444,876544,16,22,28285,710407,0.08823,15111,503598,0.062545,28527,1214005,0.150775,8051741
1,2021-03-02,61423,1777722,26775,866508,34643,911187,5,27,39697,729096,0.090551,21620,525218,0.06523,40309,1254314,0.155782,8051741
1,2021-03-03,67929,1845651,31870,898378,36046,947233,13,40,41277,744438,0.092457,26538,551756,0.068526,41880,1296194,0.160983,8051741
1,2021-03-04,75599,1921250,34837,933215,40728,987961,34,74,48364,766258,0.095167,27084,578840,0.07189,48904,1345098,0.167057,8051741
1,2021-03-05,74233,1995483,32936,966151,41095,1029056,202,276,49485,792022,0.098367,24553,603393,0.074939,50317,1395415,0.173306,8051741
1,2021-03-06,56334,2051817,26650,992801,28357,1057413,1327,1603,38317,814077,0.101106,17953,621346,0.077169,40008,1435423,0.178275,8051741
1,2021-03-07,19445,2071262,12263,1005064,6387,1063800,795,2398,14554,824812,0.102439,4875,626221,0.077775,15610,1451033,0.180214,8051741
1,2021-03-08,43370,2114632,20541,1025605,20976,1084776,1853,4251,30329,844367,0.104868,12965,639186,0.079385,32520,1483553,0.184252,8051741
1,2021-03-09,59805,2174437,26041,1051646,31298,1116074,2466,6717,35807,859084,0.106695,23898,663084,0.082353,38615,1522168,0.189048,8051741
1,2021-03-10,70466,2244903,34592,1086238,31537,1147611,4337,11054,43480,880415,0.109345,26863,689947,0.085689,48194,1570362,0.195034,8051741
1,2021-03-11,88207,2333110,40219,1126457,40076,1187687,7912,18966,51699,904207,0.1123,36290,726237,0.090196,60082,1630444,0.202496,8051741
1,2021-03-12,95087,2428197,40952,1167409,41851,1229538,12284,31250,55245,932560,0.115821,39664,765901,0.095122,68017,1698461,0.210943,8051741
1,2021-03-13,62908,2491105,28178,1195587,27045,1256583,7685,38935,39892,957567,0.118927,22912,788813,0.097968,47919,1746380,0.216895,8051741
1,2021-03-14,26822,2517927,14290,1209877,9034,1265617,3498,42433,15165,964823,0.119828,11608,800421,0.09941,18864,1765244,0.219238,8051741
1,2021-03-15,63462,2581389,27527,1237404,29350,1294967,6585,49018,37558,983581,0.122158,25740,826161,0.102607,44498,1809742,0.224764,8051741
1,2021-03-16,83674,2665063,37631,1275035,40556,1335523,5487,54505,52170,1010272,0.125472,31340,857501,0.106499,58031,1867773,0.231971,8051741
1,2021-03-17,90242,2755305,43218,1318253,40522,1376045,6502,61007,58110,1043289,0.129573,31986,889487,0.110471,65003,1932776,0.240044,8051741
1,2021-03-18,95549,2850854,48602,1366855,41446,1417491,5501,66508,58538,1071084,0.133025,36703,926190,0.11503,64498,1997274,0.248055,8051741
1,2021-03-19,100421,2951275,51481,1418336,42872,1460363,6068,72576,59712,1096889,0.13623,40459,966649,0.120055,66264,2063538,0.256285,8051741
1,2021-03-20,69824,3021099,35931,1454267,28712,1489075,5181,77757,44940,1122535,0.139415,24734,991383,0.123127,50380,2113918,0.262542,8051741
1,2021-03-21,25828,3046927,17800,1472067,6267,1495342,1761,79518,16722,1132066,0.140599,9041,1000424,0.124249,18572,2132490,0.264848,8051741
1,2021-03-22,57790,3104717,29542,1501609,25052,1520394,3196,82714,39407,1156806,0.143672,18220,1018644,0.126512,42960,2175450,0.270184,8051741
1,2021-03-23,81065,3185782,40858,1542467,36679,1557073,3528,86242,50720,1181338,0.146718,30171,1048815,0.130259,54703,2230153,0.276978,8051741
1,2021-03-24,85535,3271317,42976,1585443,38319,1595392,4240,90482,52355,1205140,0.149674,32973,1081788,0.134355,56775,2286928,0.284029,8051741
1,2021-03-25,94034,3365351,47484,1632927,40949,1636341,5601,96083,54522,1226226,0.152293,39260,1121048,0.139231,60346,2347274,0.291524,8051741
1,2021-03-26,101330,3466681,49009,1681936,46187,1682528,6134,102217,56728,1245052,0.154631,44340,1165388,0.144737,63166,2410440,0.299369,8051741
1,2021-03-27,71591,3538272,36984,1718920,30791,1713319,3816,106033,37872,1253416,0.15567,33533,1198921,0.148902,41897,2452337,0.304572,8051741
1,2021-03-28,31362,3569634,20202,1739122,9961,1723280,1199,107232,16645,1256984,0.156113,14607,1213528,0.150716,18175,2470512,0.30683,8051741
1,2021-03-29,65116,3634750,32592,1771714,29744,1753024,2780,110012,37092,1269191,0.157629,27882,1241410,0.154179,40089,2510601,0.311808,8051741
1,2021-03-30,89197,3723947,43698,1815412,39501,1792525,5998,116010,50638,1287513,0.159905,38433,1279843,0.158952,56755,2567356,0.318857,8051741
1,2021-03-31,97418,3821365,50758,1866170,40924,1833449,5736,121746,55671,1307513,0.162389,41506,1321349,0.164107,61506,2628862,0.326496,8051741
1,2021-04-01,107733,3929098,51681,1917851,48027,1881476,8025,129771,56086,1320384,0.163987,51364,1372713,0.170486,64235,2693097,0.334474,8051741
1,2021-04-02,106699,4035797,48740,1966591,48731,1930207,9228,138999,55051,1333660,0.165636,51300,1424013,0.176858,64576,2757673,0.342494,8051741
1,2021-04-03,75534,4111331,37606,2004197,28662,1958869,9266,148265,35821,1339305,0.166337,39571,1463584,0.181772,45216,2802889,0.34811,8051741
1,2021-04-04,23526,4134857,11690,2015887,8401,1967270,3435,151700,10220,1339693,0.166386,13263,1476847,0.18342,13651,2816540,0.349805,8051741
1,2021-04-05,73812,4208669,35209,2051096,29700,1996970,8903,160603,34228,1343610,0.166872,39425,1516272,0.188316,43342,2859882,0.355188,8051741
1,2021-04-06,101782,4310451,48240,2099336,37219,2034189,16323,176926,46861,1352155,0.167933,54712,1570984,0.195111,63257,2923139,0.363044,8051741
1,2021-04-07,108178,4418629,52042,2151378,38983,2073172,17153,194079,50063,1361531,0.169098,57900,1628884,0.202302,67276,2990415,0.3714,8051741
1,2021-04-08,118396,4537025,55571,2206949,42411,2115583,20414,214493,53285,1370532,0.170216,64814,1693698,0.210352,73815,3064230,0.380567,8051741
1,2021-04-09,118692,4655717,53626,2260575,44832,2160415,20234,234727,52977,1378443,0.171198,65422,1759120,0.218477,73333,3137563,0.389675,8051741
1,2021-04-10,93434,4749151,41791,2302366,29285,2189700,22358,257085,37117,1381779,0.171612,56167,1815287,0.225453,59503,3197066,0.397065,8051741
1,2021-04-11,35516,4784667,19815,2322181,9220,2198920,6481,263566,15065,1383041,0.171769,20411,1835698,0.227988,21673,3218739,0.399757,8051741
1,2021-04-12,72223,4856890,31976,2354157,30395,2229315,9852,273418,31029,1383106,0.171777,40982,1876680,0.233078,41047,3259786,0.404855,8051741
1,2021-04-13,94948,4951838,50775,2404932,43843,2273158,330,273748,51523,1392094,0.172894,43207,1919887,0.238444,52195,3311981,0.411337,8051741
1,2021-04-14,100879,5052717,52214,2457146,48600,2321758,65,273813,51531,1395010,0.173256,49047,1968934,0.244535,51963,3363944,0.417791,8051741
1,2021-04-15,103198,5155915,55737,2512883,47376,2369134,85,273898,55533,1403598,0.174322,47193,2016127,0.250396,55781,3419725,0.424719,8051741
1,2021-04-16,106147,5262062,54940,2567823,51120,2420254,87,273985,53518,1405113,0.17451,52266,2068393,0.256888,53781,3473506,0.431398,8051741
1,2021-04-17,79644,5341706,43072,2610895,36564,2456818,8,273993,44909,1415633,0.175817,34560,2102953,0.26118,45080,3518586,0.436997,8051741
1,2021-04-18,28518,5370224,19107,2630002,9405,2466223,6,273999,14773,1416929,0.175978,13681,2116634,0.262879,14977,3533563,0.438857,8051741
1,2021-04-19,64197,5434421,32779,2662781,31408,2497631,10,274009,29325,1411800,0.175341,34590,2151224,0.267175,29461,3563024,0.442516,8051741
1,2021-04-20,84263,5518684,42267,2705048,41976,2539607,20,274029,40092,1408198,0.174894,43912,2195136,0.272629,40310,3603334,0.447522,8051741
1,2021-04-21,91047,5609731,46448,2751496,44508,2584115,91,274120,41210,1400305,0.173913,49402,2244538,0.278764,41509,3644843,0.452678,8051741
1,2021-04-22,92834,5702565,48345,2799841,44470,2628585,19,274139,42968,1394046,0.173136,49461,2293999,0.284907,43202,3688045,0.458043,8051741
1,2021-04-23,96630,5799195,50129,2849970,46477,2675062,24,274163,46685,1391411,0.172809,49561,2343560,0.291063,46926,3734971,0.463871,8051741
1,2021-04-24,72701,5871896,46135,2896105,26554,2701616,12,274175,41623,1402356,0.174168,30948,2374508,0.294906,41893,3776864,0.469074,8051741
1,2021-04-25,26786,5898682,17154,2913259,9623,2711239,9,274184,15455,1406696,0.174707,11253,2385761,0.296304,15593,3792457,0.471011,8051741
1,2021-04-26,59666,5958348,32258,2945517,27056,2738295,352,274536,28038,1404027,0.174376,31391,2417152,0.300202,28722,3821179,0.474578,8051741
1,2021-04-27,74860,6033208,40029,2985546,33710,2772005,1121,275657,32201,1395307,0.173293,42379,2459531,0.305466,33659,3854838,0.478758,8051741
1,2021-04-28,76761,6109969,40740,3026286,34594,2806599,1427,277084,33480,1387422,0.172313,43018,2502549,0.310808,35133,3889971,0.483122,8051741
1,2021-04-29,79738,6189707,44056,3070342,34131,2840730,1551,278635,32310,1374326,0.170687,47119,2549668,0.31666,34023,3923994,0.487347,8051741
1,2021-04-30,86132,6275839,47005,3117347,37341,2878071,1786,280421,36035,1362500,0.169218,49818,2599486,0.322848,37992,3961986,0.492066,8051741
1,2021-05-01,61023,6336862,39708,3157055,19971,2898042,1344,281765,25767,1354748,0.168255,35095,2634581,0.327206,27343,3989329,0.495462,8051741
1,2021-05-02,22436,6359298,15714,3172769,6201,2904243,521,282286,9374,1351706,0.167877,12969,2647550,0.328817,9927,3999256,0.496695,8051741
1,2021-05-03,53492,6412790,30008,3202777,21738,2925981,1746,284032,19384,1339017,0.166302,33904,2681454,0.333028,21215,4020471,0.499329,8051741
1,2021-05-04,71705,6484495,41191,3243968,28516,2954497,1998,286030,25918,1321497,0.164126,45526,2726980,0.338682,28006,4048477,0.502808,8051741
1,2021-05-05,73183,6557678,42108,3286076,28865,2983362,2210,288240,24855,1300573,0.161527,48053,2775033,0.34465,27129,4075606,0.506177,8051741
1,2021-05-06,74935,6632613,45085,3331161,27741,3011103,2109,290349,23894,1276024,0.158478,50715,2825748,0.350949,26166,4101772,0.509427,8051741
1,2021-05-07,77829,6710442,44550,3375711,31162,3042265,2117,292466,26307,1253336,0.15566,51176,2876924,0.357305,28488,4130260,0.512965,8051741
1,2021-05-08,53677,6764119,33524,3409235,18623,3060888,1530,293996,18268,1238151,0.153774,35079,2912003,0.361661,19894,4150154,0.515436,8051741
1,2021-05-09,17688,6781807,12539,3421774,4674,3065562,475,294471,5479,1232040,0.153015,12098,2924101,0.363164,5987,4156141,0.516179,8051741
1,2021-05-10,40812,6822619,20628,3442402,18463,3084025,1721,296192,13684,1220692,0.151606,26845,2950946,0.366498,15497,4171638,0.518104,8051741
1,2021-05-11,57348,6879967,30936,3473338,24427,3108452,1985,298177,18702,1203079,0.149418,38423,2989369,0.37127,20810,4192448,0.520688,8051741
1,2021-05-12,55833,6935800,29603,3502941,24505,3132957,1725,299902,18364,1186013,0.147299,37230,3026599,0.375894,20164,4212612,0.523193,8051741
1,2021-05-13,57720,6993520,33794,3536735,22280,3155237,1646,301548,21653,1173753,0.145776,35822,3062421,0.380343,23562,4236174,0.526119,8051741
1,2021-05-14,69776,7063296,42488,3579223,25215,3180452,2073,303621,28331,1163243,0.144471,41213,3103634,0.385461,30703,4266877,0.529932,8051741
1,2021-05-15,59591,7122887,39624,3618847,18481,3198933,1486,305107,23416,1152227,0.143103,35992,3139626,0.389931,24976,4291853,0.533034,8051741
1,2021-05-16,13934,7136821,10777,3629624,2711,3201644,446,305553,5523,1149827,0.142805,8391,3148017,0.390973,5991,4297844,0.533778,8051741
1,2021-05-17,33183,7170004,20413,3650037,11638,3213282,1132,306685,13458,1144857,0.142188,19596,3167613,0.393407,14626,4312470,0.535595,8051741
2,2020-12-15,234,234,234,234,0,0,0,0,234,234,3e-05,0,0,0.0,234,234,3e-05,7897587
2,2020-12-16,1926,2160,1926,2160,0,0,0,0,1926,2160,0.000274,0,0,0.0,1926,2160,0.000274,7897587
2,2020-12-17,6662,8822,6662,8822,0,0,0,0,6663,8823,0.001117,0,0,0.0,6663,8823,0.001117,7897587
2,2020-12-18,10833,19655,10814,19636,19,19,0,0,10834,19657,0.002489,0,0,0.0,10834,19657,0.002489,7897587
2,2020-12-19,5583,25238,5578,25214,5,24,0,0,5585,25242,0.003196,0,0,0.0,5585,25242,0.003196,7897587
2,2020-12-20,4216,29454,4207,29421,9,33,0,0,4212,29454,0.003729,0,0,0.0,4212,29454,0.003729,7897587
2,2020-12-21,12760,42214,12736,42157,24,57,0,0,12715,42169,0.005339,0,0,0.0,12715,42169,0.005339,7897587
2,2020-12-22,12051,54265,11543,53700,508,565,0,0,12051,54220,0.006865,0,0,0.0,12051,54220,0.006865,7897587
2,2020-12-23,11618,65883,9428,63128,2190,2755,0,0,11621,65841,0.008337,0,0,0.0,11621,65841,0.008337,7897587
2,2020-12-24,5838,71721,3482,66610,2356,5111,0,0,5835,71676,0.009076,0,0,0.0,5835,71676,0.009076,7897587
2,2020-12-25,478,72199,401,67011,77,5188,0,0,479,72155,0.009136,0,0,0.0,479,72155,0.009136,7897587
2,2020-12-26,2565,74764,1669,68680,896,6084,0,0,2567,74722,0.009461,0,0,0.0,2567,74722,0.009461,7897587
2,2020-12-27,2215,76979,1200,69880,1015,7099,0,0,2213,76934,0.009741,1,1,0.0,2213,76935,0.009742,7897587
2,2020-12-28,10909,87888,7091,76971,3818,10917,0,0,10909,87842,0.011123,1,2,0.0,10909,87844,0.011123,7897587
2,2020-12-29,12687,100575,7180,84151,5507,16424,0,0,12691,100533,0.01273,0,2,0.0,12691,100535,0.01273,7897587
2,2020-12-30,15343,115918,8638,92789,6705,23129,0,0,15359,115891,0.014674,1,3,0.0,15359,115894,0.014675,7897587
2,2020-12-31,7495,123413,2802,95591,4693,27822,0,0,7492,123382,0.015623,1,4,1e-06,7492,123386,0.015623,7897587
2,2021-01-01,1115,124528,535,96126,580,28402,0,0,1117,124498,0.015764,1,5,1e-06,1117,124503,0.015765,7897587
2,2021-01-02,4808,129336,2745,98871,2063,30465,0,0,4806,129304,0.016373,0,5,1e-06,4806,129309,0.016373,7897587
2,2021-01-03,1379,130715,789,99660,590,31055,0,0,1374,130675,0.016546,3,8,1e-06,1374,130683,0.016547,7897587
2,2021-01-04,11608,142323,5548,105208,6060,37115,0,0,11595,142266,0.018014,4,12,2e-06,11595,142278,0.018015,7897587
2,2021-01-05,13817,156140,6895,112103,6922,44037,0,0,12639,153764,0.01947,1171,1183,0.00015,12669,154947,0.01962,7897587
2,2021-01-06,18930,175070,10444,122547,8486,52523,0,0,15220,165326,0.020934,3664,4847,0.000614,15226,170173,0.021547,7897587
2,2021-01-07,22889,197959,12851,135398,10038,62561,0,0,15543,173518,0.021971,7364,12211,0.001546,15556,185729,0.023517,7897587
2,2021-01-08,26347,224306,15955,151353,10392,72953,0,0,16318,179854,0.022773,9998,22209,0.002812,16334,202063,0.025585,7897587
2,2021-01-09,9701,234007,5664,157017,4037,76990,0,0,6215,182566,0.023117,3507,25716,0.003256,6219,208282,0.026373,7897587
2,2021-01-10,5273,239280,2916,159933,2357,79347,0,0,3065,183404,0.023223,2231,27947,0.003539,3069,211351,0.026761,7897587
2,2021-01-11,25949,265229,17841,177774,8108,87455,0,0,15024,187517,0.023744,10959,38906,0.004926,15072,226423,0.02867,7897587
2,2021-01-12,25968,291197,16126,193900,9842,97297,0,0,16508,194607,0.024641,9488,48394,0.006128,16578,243001,0.030769,7897587
2,2021-01-13,28271,319468,14913,208813,13358,110655,0,0,20364,207092,0.026222,7901,56295,0.007128,20386,263387,0.03335,7897587
2,2021-01-14,30076,349544,11445,220258,18631,129286,0,0,25889,228822,0.028974,4211,60506,0.007661,25941,289328,0.036635,7897587
2,2021-01-15,35127,384671,12953,233211,22174,151460,0,0,31902,257559,0.032612,3236,63742,0.008071,31973,321301,0.040683,7897587
2,2021-01-16,17554,402225,5616,238827,11938,163398,0,0,16245,272479,0.034502,1335,65077,0.00824,16255,337556,0.042742,7897587
2,2021-01-17,10552,412777,3524,242351,7028,170426,0,0,9849,281608,0.035657,728,65805,0.008332,9857,347413,0.04399,7897587
2,2021-01-18,19705,432482,11064,253415,8641,179067,0,0,14965,291863,0.036956,4756,70561,0.008935,15011,362424,0.04589,7897587
2,2021-01-19,32203,464685,16787,270202,15416,194483,0,0,24236,308239,0.03903,7972,78533,0.009944,24348,386772,0.048973,7897587
2,2021-01-20,36760,501445,18373,288575,18387,212870,0,0,28167,327919,0.041521,8574,87107,0.01103,28254,415026,0.052551,7897587
2,2021-01-21,40519,541964,17260,305835,23259,236129,0,0,36107,359793,0.045557,4390,91497,0.011585,36264,451290,0.057143,7897587
2,2021-01-22,39179,581143,16407,322242,22772,258901,0,0,35896,392428,0.04969,3285,94782,0.012001,35920,487210,0.061691,7897587
2,2021-01-23,23940,605083,10826,333068,13114,272015,0,0,20985,410511,0.051979,2931,97713,0.012373,21014,508224,0.064352,7897587
2,2021-01-24,12436,617519,6154,339222,6282,278297,0,0,11525,421150,0.053326,896,98609,0.012486,11535,519759,0.065812,7897587
2,2021-01-25,33623,651142,15629,354851,17994,296291,0,0,24902,437504,0.055397,8671,107280,0.013584,25025,544784,0.068981,7897587
2,2021-01-26,40077,691219,19828,374679,20249,316540,0,0,31148,459819,0.058223,8910,116190,0.014712,31225,576009,0.072935,7897587
2,2021-01-27,44963,736182,22914,397593,22049,338589,0,0,35011,485055,0.061418,9829,126019,0.015957,35065,611074,0.077375,7897587
2,2021-01-28,47907,784089,22617,420210,25290,363879,0,0,39403,516068,0.065345,8450,134469,0.017027,39463,650537,0.082372,7897587
2,2021-01-29,45460,829549,22294,442504,23166,387045,0,0,36927,544616,0.06896,8431,142900,0.018094,36979,687516,0.087054,7897587
2,2021-01-30,31266,860815,13657,456161,17609,404654,0,0,28033,569485,0.072109,3192,146092,0.018498,28061,715577,0.090607,7897587
2,2021-01-31,17551,878366,10655,466816,6896,411550,0,0,16329,584626,0.074026,1206,147298,0.018651,16347,731924,0.092677,7897587
2,2021-02-01,40423,918789,19444,486260,20979,432529,0,0,29876,604019,0.076481,10514,157812,0.019982,29907,761831,0.096464,7897587
2,2021-02-02,47730,966519,19684,505944,28046,460575,0,0,36349,629160,0.079665,11304,169116,0.021414,36445,798276,0.101078,7897587
2,2021-02-03,53933,1020452,24142,530086,29791,490366,0,0,39937,655283,0.082973,13899,183015,0.023174,40022,838298,0.106146,7897587
2,2021-02-04,55767,1076219,24239,554325,31528,521894,0,0,40843,681384,0.086277,14832,197847,0.025052,40933,879231,0.111329,7897587
2,2021-02-05,59509,1135728,26362,580687,33147,555041,0,0,40338,702880,0.088999,19001,216848,0.027458,40497,919728,0.116457,7897587
2,2021-02-06,38830,1174558,18200,598887,20630,575671,0,0,31260,726735,0.09202,7490,224338,0.028406,31345,951073,0.120426,7897587
2,2021-02-07,16016,1190574,10763,609650,5253,580924,0,0,12142,735093,0.093078,3850,228188,0.028893,12208,963281,0.121972,7897587
2,2021-02-08,43295,1233869,22394,632044,20901,601825,0,0,29880,751900,0.095206,13267,241455,0.030573,30074,993355,0.12578,7897587
2,2021-02-09,49219,1283088,23507,655551,25712,627537,0,0,30681,764663,0.096822,18233,259688,0.032882,30996,1024351,0.129704,7897587
2,2021-02-10,59389,1342477,28145,683696,31244,658781,0,0,34727,775301,0.098169,24436,284124,0.035976,35074,1059425,0.134145,7897587
2,2021-02-11,63832,1406309,29671,713367,34161,692942,0,0,36095,784374,0.099318,27506,311630,0.039459,36579,1096004,0.138777,7897587
2,2021-02-12,64766,1471075,28046,741413,36720,729662,0,0,34602,789684,0.099991,29945,341575,0.043251,35255,1131259,0.143241,7897587
2,2021-02-13,37517,1508592,15778,757191,21739,751401,0,0,21761,796150,0.100809,15671,357246,0.045235,22137,1153396,0.146044,7897587
2,2021-02-14,19936,1528528,9360,766551,10576,761977,0,0,11236,799080,0.10118,8664,365910,0.046332,11594,1164990,0.147512,7897587
2,2021-02-15,32977,1561505,14947,781498,18030,780007,0,0,18335,803739,0.10177,14528,380438,0.048171,19187,1184177,0.149942,7897587
2,2021-02-16,55849,1617354,27626,809124,28223,808230,0,0,29471,807581,0.102257,26294,406732,0.051501,30136,1214313,0.153757,7897587
2,2021-02-17,61116,1678470,31649,840773,29467,837697,0,0,30419,808169,0.102331,30646,437378,0.055381,31234,1245547,0.157712,7897587
2,2021-02-18,65702,1744172,33418,874191,32284,869981,0,0,32098,808003,0.10231,33389,470767,0.059609,33223,1278770,0.161919,7897587
2,2021-02-19,58778,1802950,32800,906991,25978,895959,0,0,29226,808410,0.102362,29408,500175,0.063333,29815,1308585,0.165694,7897587
2,2021-02-20,36986,1839936,24190,931181,12796,908755,0,0,20154,812478,0.102877,16758,516933,0.065455,20826,1329411,0.168331,7897587
2,2021-02-21,20631,1860567,17193,948374,3438,912193,0,0,9905,812531,0.102883,10651,527584,0.066803,10704,1340115,0.169687,7897587
2,2021-02-22,37233,1897800,25618,973992,11615,923808,0,0,17847,811763,0.102786,19287,546871,0.069245,18519,1358634,0.172032,7897587
2,2021-02-23,51344,1949144,26387,1000379,24957,948765,0,0,22672,807836,0.102289,28490,575361,0.072853,24563,1383197,0.175142,7897587
2,2021-02-24,68078,2017222,35122,1035501,32956,981721,0,0,31431,805113,0.101944,36512,611873,0.077476,33789,1416986,0.17942,7897587
2,2021-02-25,73556,2090778,34643,1070144,38913,1020634,0,0,37622,809798,0.102537,35734,647607,0.082001,40419,1457405,0.184538,7897587
2,2021-02-26,81627,2172405,34960,1105104,46667,1067301,0,0,44420,819434,0.103758,36963,684570,0.086681,46599,1504004,0.190438,7897587
2,2021-02-27,59591,2231996,27629,1132733,31958,1099259,4,4,32469,826298,0.104627,26938,711508,0.090092,33802,1537806,0.194718,7897587
2,2021-02-28,29035,2261031,17466,1150199,11568,1110827,1,5,16918,832024,0.105352,12016,723524,0.091613,17742,1555548,0.196965,7897587
2,2021-03-01,55904,2316935,29633,1179832,26248,1137075,23,28,30493,838521,0.106174,25199,748723,0.094804,31696,1587244,0.200978,7897587
2,2021-03-02,67335,2384270,32542,1212374,34788,1171863,5,33,38240,850116,0.107642,28981,777704,0.098474,40576,1627820,0.206116,7897587
2,2021-03-03,77869,2462139,37702,1250076,40159,1212022,8,41,43769,862498,0.10921,33933,811637,0.10277,46315,1674135,0.211981,7897587
2,2021-03-04,86095,2548234,42491,1292567,43577,1255599,27,68,49652,878264,0.111207,36273,847910,0.107363,52039,1726174,0.21857,7897587
2,2021-03-05,78646,2626880,36771,1329338,41577,1297176,298,366,48139,898714,0.113796,30331,878241,0.111204,50781,1776955,0.225,7897587
2,2021-03-06,61364,2688244,29909,1359247,29792,1326968,1663,2029,37650,915848,0.115966,23610,901851,0.114193,40744,1817699,0.230159,7897587
2,2021-03-07,26843,2715087,15518,1374765,10378,1337346,947,2976,17202,925519,0.11719,9586,911437,0.115407,19257,1836956,0.232597,7897587
2,2021-03-08,48940,2764027,22307,1397072,24208,1361554,2425,5401,30837,942426,0.119331,17996,929433,0.117686,34903,1871859,0.237017,7897587
2,2021-03-09,63690,2827717,26409,1423481,33520,1395074,3761,9162,34064,952084,0.120554,29518,958951,0.121423,39176,1911035,0.241977,7897587
2,2021-03-10,75121,2902838,35086,1458567,33526,1428600,6509,15671,39665,964319,0.122103,35282,994233,0.125891,47517,1958552,0.247994,7897587
2,2021-03-11,91633,2994471,42314,1500881,40985,1469585,8334,24005,48216,979114,0.123976,43164,1037397,0.131356,57959,2016511,0.255333,7897587
2,2021-03-12,91928,3086399,37785,1538666,42239,1511824,11904,35909,46119,992890,0.125721,45625,1083022,0.137133,59401,2075912,0.262854,7897587
2,2021-03-13,67260,3153659,28169,1566835,31211,1543035,7880,43789,37001,1008918,0.12775,30151,1113173,0.140951,46179,2122091,0.268701,7897587
2,2021-03-14,35990,3189649,17827,1584662,13700,1556735,4463,48252,18390,1015014,0.128522,17519,1130692,0.143169,23615,2145706,0.271691,7897587
2,2021-03-15,66192,3255841,29834,1614496,31415,1588150,4943,53195,36697,1028453,0.130224,29304,1159996,0.14688,42743,2188449,0.277104,7897587
2,2021-03-16,85018,3340859,37522,1652018,43559,1631709,3937,57132,51881,1052413,0.133258,32987,1192983,0.151057,56947,2245396,0.284314,7897587
2,2021-03-17,90887,3431746,43437,1695455,43369,1675078,4081,61213,57976,1082627,0.137083,32694,1225677,0.155196,62908,2308304,0.29228,7897587
2,2021-03-18,96199,3527945,45832,1741287,45948,1721026,4419,65632,59387,1110453,0.140607,36546,1262223,0.159824,64372,2372676,0.30043,7897587
2,2021-03-19,95474,3623419,44941,1786228,44489,1765515,6044,71676,57424,1136633,0.143922,37803,1300026,0.164611,63983,2436659,0.308532,7897587
2,2021-03-20,68408,3691827,32830,1819058,31709,1797224,3869,75545,45236,1163112,0.147274,22976,1323002,0.16752,49455,2486114,0.314794,7897587
2,2021-03-21,32483,3724310,20887,1839945,9647,1806871,1949,77494,20603,1174306,0.148692,11781,1334783,0.169011,22975,2509089,0.317703,7897587
2,2021-03-22,61685,3785995,33782,1873727,25316,1832187,2587,80081,41481,1199245,0.15185,20019,1354802,0.171546,44958,2554047,0.323396,7897587
2,2021-03-23,82282,3868277,43560,1917287,35895,1868082,2827,82908,52162,1225174,0.155133,29894,1384696,0.175332,55823,2609870,0.330464,7897587
2,2021-03-24,90079,3958356,48459,1965746,38552,1906634,3068,85976,53921,1247098,0.157909,35892,1420588,0.179876,57816,2667686,0.337785,7897587
2,2021-03-25,99695,4058051,50205,2015951,45705,1952339,3785,89761,57572,1267381,0.160477,41843,1462431,0.185174,62126,2729812,0.345651,7897587
2,2021-03-26,101373,4159424,50231,2066182,47723,2000062,3419,93180,57212,1285219,0.162736,43848,1506279,0.190726,61686,2791498,0.353462,7897587
2,2021-03-27,73958,4233382,36776,2102958,33907,2033969,3275,96455,38118,1291833,0.163573,35639,1541918,0.195239,42253,2833751,0.358812,7897587
2,2021-03-28,36793,4270175,22520,2125478,13471,2047440,802,97257,20712,1298091,0.164366,15979,1557897,0.197262,22237,2855988,0.361628,7897587
2,2021-03-29,70010,4340185,35659,2161137,32159,2079599,2192,99449,40985,1313285,0.166289,28872,1586769,0.200918,44066,2900054,0.367208,7897587
2,2021-03-30,90565,4430750,44210,2205347,42088,2121687,4267,103716,55331,1338426,0.169473,35067,1621836,0.205358,60208,2960262,0.374831,7897587
2,2021-03-31,99429,4530179,51111,2256458,43318,2165005,5000,108716,58611,1361815,0.172434,40588,1662424,0.210498,63977,3024239,0.382932,7897587
2,2021-04-01,115443,4645622,55702,2312160,50814,2215819,8927,117643,63624,1383294,0.175154,51558,1713982,0.217026,73037,3097276,0.39218,7897587
2,2021-04-02,109455,4755077,50421,2362581,49202,2265021,9832,127475,59533,1403573,0.177722,49613,1763595,0.223308,69892,3167168,0.40103,7897587
2,2021-04-03,75293,4830370,36800,2399381,28969,2293990,9524,136999,37774,1413944,0.179035,37347,1800942,0.228037,47718,3214886,0.407072,7897587
2,2021-04-04,28833,4859203,14809,2414190,10206,2304196,3818,140817,13271,1415602,0.179245,15489,1816431,0.229998,17147,3232033,0.409243,7897587
2,2021-04-05,78150,4937353,38388,2452578,31139,2335335,8623,149440,38440,1423858,0.18029,39583,1856014,0.23501,47839,3279872,0.415301,7897587
2,2021-04-06,102673,5040026,50084,2502662,38061,2373396,14528,163968,49329,1435021,0.181704,53124,1909138,0.241737,64287,3344159,0.423441,7897587
2,2021-04-07,108703,5148729,54355,2557017,38363,2411759,15985,179953,51960,1446758,0.18319,56511,1965649,0.248892,68248,3412407,0.432082,7897587
2,2021-04-08,117247,5265976,56526,2613543,42297,2454056,18424,198377,54866,1458542,0.184682,62122,2027771,0.256758,73906,3486313,0.44144,7897587
2,2021-04-09,116664,5382640,56267,2669810,42594,2496650,17803,216180,55674,1472225,0.186415,60690,2088461,0.264443,74373,3560686,0.450857,7897587
2,2021-04-10,85445,5468085,37140,2706950,30439,2527089,17866,234046,35799,1477145,0.187038,49438,2137899,0.270703,54358,3615044,0.45774,7897587
2,2021-04-11,43865,5511950,22693,2729643,12680,2539769,8492,242538,18087,1478796,0.187247,25658,2163557,0.273952,27309,3642353,0.461198,7897587
2,2021-04-12,78764,5590714,36697,2766340,32836,2572605,9231,251769,35591,1481665,0.18761,42946,2206503,0.27939,45815,3688168,0.466999,7897587
2,2021-04-13,100393,5691107,52011,2818351,48135,2620740,247,252016,55331,1493262,0.189078,44861,2251364,0.28507,56458,3744626,0.474148,7897587
2,2021-04-14,104729,5795836,54979,2873330,49702,2670442,48,252064,54223,1498671,0.189763,50276,2301640,0.291436,55685,3800311,0.481199,7897587
2,2021-04-15,111253,5907089,59347,2932677,51841,2722283,65,252129,58670,1506176,0.190713,52264,2353904,0.298054,59769,3860080,0.488767,7897587
2,2021-04-16,108533,6015622,56535,2989212,51948,2774231,50,252179,55612,1510014,0.191199,52653,2406557,0.304721,56491,3916571,0.49592,7897587
2,2021-04-17,81444,6097066,41500,3030712,39931,2814162,13,252192,46004,1521611,0.192668,35270,2441827,0.309186,46867,3963438,0.501854,7897587
2,2021-04-18,33851,6130917,20237,3050949,13610,2827772,4,252196,16336,1521499,0.192654,17415,2459242,0.311392,17303,3980741,0.504045,7897587
2,2021-04-19,73209,6204126,39655,3090604,33544,2861316,10,252206,33656,1516439,0.192013,39339,2498581,0.316373,34279,4015020,0.508386,7897587
2,2021-04-20,94302,6298428,47203,3137807,47077,2908393,22,252228,46174,1515461,0.191889,47900,2546481,0.322438,46922,4061942,0.514327,7897587
2,2021-04-21,98467,6396895,52451,3190258,45962,2954355,54,252282,46974,1512164,0.191472,51192,2597673,0.32892,47895,4109837,0.520391,7897587
2,2021-04-22,104693,6501588,53746,3244004,50927,3005282,20,252302,46071,1500802,0.190033,58320,2655993,0.336304,46958,4156795,0.526337,7897587
2,2021-04-23,103800,6605388,54918,3298922,48866,3054148,16,252318,48255,1494733,0.189265,55238,2711231,0.343299,49169,4205964,0.532563,7897587
2,2021-04-24,78342,6683730,46545,3345467,31760,3085908,37,252355,41255,1500121,0.189947,36814,2748045,0.34796,42202,4248166,0.537907,7897587
2,2021-04-25,35880,6719610,22247,3367714,13619,3099527,14,252369,19648,1504110,0.190452,16125,2764170,0.350002,20114,4268280,0.540454,7897587
2,2021-04-26,67468,6787078,37727,3405441,29454,3128981,287,252656,30929,1500375,0.189979,36338,2800508,0.354603,32603,4300883,0.544582,7897587
2,2021-04-27,81937,6869015,43232,3448673,37568,3166549,1137,253793,35196,1491353,0.188837,46519,2847027,0.360493,37497,4338380,0.54933,7897587
2,2021-04-28,84314,6953329,44584,3493257,37911,3204460,1819,255612,36917,1483793,0.187879,47181,2894208,0.366467,39621,4378001,0.554347,7897587
2,2021-04-29,86935,7040264,46971,3540228,38308,3242768,1656,257268,33490,1466320,0.185667,53208,2947416,0.373205,35735,4413736,0.558871,7897587
2,2021-04-30,90974,7131238,50203,3590431,38839,3281607,1932,259200,35234,1448656,0.18343,55459,3002875,0.380227,37795,4451531,0.563657,7897587
2,2021-05-01,60372,7191610,36801,3627232,22035,3303642,1536,260736,23777,1438406,0.182132,36402,3039277,0.384836,26152,4477683,0.566968,7897587
2,2021-05-02,28711,7220321,19826,3647058,7915,3311557,970,261706,11043,1432942,0.18144,17565,3056842,0.38706,12101,4489784,0.568501,7897587
2,2021-05-03,58999,7279320,35076,3682134,21900,3333457,2023,263729,19798,1416010,0.179297,39009,3095851,0.392,22077,4511861,0.571296,7897587
2,2021-05-04,77237,7356557,45830,3727964,29080,3362537,2327,266056,25179,1392085,0.176267,51819,3147670,0.398561,27894,4539755,0.574828,7897587
2,2021-05-05,77510,7434067,45895,3773859,29310,3391847,2305,268361,24314,1366150,0.172983,52889,3200559,0.405258,26954,4566709,0.578241,7897587
2,2021-05-06,79640,7513707,47984,3821843,28811,3420658,2845,271206,24497,1339378,0.169593,54737,3255296,0.412189,27965,4594674,0.581782,7897587
2,2021-05-07,80343,7594050,46317,3868160,31629,3452287,2397,273603,24947,1312077,0.166136,55088,3310384,0.419164,27787,4622461,0.5853,7897587
2,2021-05-08,52731,7646781,31872,3900032,19215,3471502,1644,275247,16579,1295064,0.163982,35919,3346303,0.423712,18906,4641367,0.587694,7897587
2,2021-05-09,21200,7667981,15157,3915189,5303,3476805,740,275987,6365,1287674,0.163047,14715,3361018,0.425575,7325,4648692,0.588622,7897587
2,2021-05-10,48160,7716141,26150,3941339,20201,3497006,1809,277796,13801,1269723,0.160774,34143,3395161,0.429899,16192,4664884,0.590672,7897587
2,2021-05-11,61545,7777686,32806,3974145,26781,3523787,1958,279754,18549,1248124,0.158039,42757,3437918,0.435312,21158,4686042,0.593351,7897587
2,2021-05-12,59536,7837222,31467,4005612,26064,3549851,2005,281759,17844,1226870,0.155347,41461,3479379,0.440562,20207,4706249,0.59591,7897587
2,2021-05-13,62817,7900039,36423,4042035,24647,3574498,1747,283506,22983,1212600,0.153541,39631,3519010,0.44558,25361,4731610,0.599121,7897587
2,2021-05-14,73662,7973701,44092,4086127,27516,3602014,2054,285560,28593,1199066,0.151827,44803,3563813,0.451253,31269,4762879,0.60308,7897587
2,2021-05-15,58727,8032428,38998,4125125,18231,3620245,1498,287058,22549,1187427,0.150353,36013,3599826,0.455813,24374,4787253,0.606167,7897587
2,2021-05-16,18847,8051275,14852,4139977,3445,3623690,550,287608,7597,1184459,0.149977,11196,3611022,0.457231,8228,4795481,0.607208,7897587
2,2021-05-17,33539,8084814,21021,4160998,11325,3635015,1193,288801,12322,1177131,0.149049,21112,3632134,0.459904,13784,4809265,0.608954,7897587
3,2020-12-15,303,303,303,303,0,0,0,0,303,303,3.9e-05,0,0,0.0,303,303,3.9e-05,7688185
3,2020-12-16,2211,2514,2211,2514,0,0,0,0,2211,2514,0.000327,0,0,0.0,2211,2514,0.000327,7688185
3,2020-12-17,7606,10120,7606,10120,0,0,0,0,7606,10120,0.001316,0,0,0.0,7606,10120,0.001316,7688185
3,2020-12-18,12811,22931,12798,22918,13,13,0,0,12810,22930,0.002982,0,0,0.0,12810,22930,0.002982,7688185
3,2020-12-19,7047,29978,7036,29954,11,24,0,0,7111,30041,0.003907,0,0,0.0,7111,30041,0.003907,7688185
3,2020-12-20,5489,35467,5482,35436,7,31,0,0,5536,35576,0.004627,1,1,0.0,5536,35577,0.004627,7688185
3,2020-12-21,14271,49738,14248,49684,23,54,0,0,14336,49911,0.006492,1,2,0.0,14336,49913,0.006492,7688185
3,2020-12-22,14633,64371,14065,63749,568,622,0,0,14672,64583,0.0084,0,2,0.0,14672,64585,0.008401,7688185
3,2020-12-23,14665,79036,12077,75826,2588,3210,0,0,14691,79274,0.010311,0,2,0.0,14691,79276,0.010311,7688185
3,2020-12-24,6766,85802,4857,80683,1909,5119,0,0,6764,86037,0.011191,1,3,0.0,6764,86040,0.011191,7688185
3,2020-12-25,720,86522,664,81347,56,5175,0,0,719,86756,0.011284,0,3,0.0,719,86759,0.011285,7688185
3,2020-12-26,4598,91120,2986,84333,1612,6787,0,0,4596,91352,0.011882,0,3,0.0,4596,91355,0.011883,7688185
3,2020-12-27,2951,94071,1832,86165,1119,7906,0,0,2952,94304,0.012266,0,3,0.0,2952,94307,0.012266,7688185
3,2020-12-28,13475,107546,8615,94780,4860,12766,0,0,13503,107806,0.014022,1,4,1e-06,13503,107810,0.014023,7688185
3,2020-12-29,14911,122457,8431,103211,6480,19246,0,0,14940,122744,0.015965,2,6,1e-06,14940,122750,0.015966,7688185
3,2020-12-30,17940,140397,10046,113257,7894,27140,0,0,17930,140674,0.018297,0,6,1e-06,17930,140680,0.018298,7688185
3,2020-12-31,8325,148722,3214,116471,5111,32251,0,0,8325,148998,0.01938,1,7,1e-06,8325,149005,0.019381,7688185
3,2021-01-01,1183,149905,538,117009,645,32896,0,0,1180,150178,0.019534,0,7,1e-06,1180,150185,0.019535,7688185
3,2021-01-02,4998,154903,2478,119487,2520,35416,0,0,4998,155176,0.020184,0,7,1e-06,4998,155183,0.020185,7688185
3,2021-01-03,1596,156499,840,120327,756,36172,0,0,1587,156759,0.02039,4,11,1e-06,1587,156770,0.020391,7688185
3,2021-01-04,11968,168467,5989,126316,5979,42151,0,0,11941,168693,0.021942,7,18,2e-06,11941,168711,0.021944,7688185
3,2021-01-05,15587,184054,8044,134360,7543,49694,0,0,13988,181121,0.023558,1584,1602,0.000208,14012,182723,0.023767,7688185
3,2021-01-06,20105,204159,10514,144874,9591,59285,0,0,15859,192780,0.025075,4206,5808,0.000755,15865,198588,0.02583,7688185
3,2021-01-07,26048,230207,14834,159708,11214,70499,0,0,17002,200778,0.026115,9018,14826,0.001928,17016,215604,0.028044,7688185
3,2021-01-08,30032,260239,18351,178059,11681,82180,0,0,17942,206670,0.026882,12070,26896,0.003498,17962,233566,0.03038,7688185
3,2021-01-09,12311,272550,6961,185020,5350,87530,0,0,7827,210027,0.027318,4478,31374,0.004081,7835,241401,0.031399,7688185
3,2021-01-10,7159,279709,4461,189481,2698,90228,0,0,4022,210918,0.027434,3135,34509,0.004489,4026,245427,0.031923,7688185
3,2021-01-11,28706,308415,18783,208264,9923,100151,0,0,16242,214744,0.027932,12459,46968,0.006109,16285,261712,0.034041,7688185
3,2021-01-12,31913,340328,19093,227357,12820,112971,0,0,19535,222001,0.028876,12362,59330,0.007717,19619,281331,0.036593,7688185
3,2021-01-13,34313,374641,17953,245310,16360,129331,0,0,24234,236174,0.030719,10080,69410,0.009028,24253,305584,0.039747,7688185
3,2021-01-14,34323,408964,14133,259443,20190,149521,0,0,28459,258834,0.033666,5832,75242,0.009787,28492,334076,0.043453,7688185
3,2021-01-15,38550,447514,14410,273853,24140,173661,0,0,33945,288245,0.037492,4596,79838,0.010385,34007,368083,0.047876,7688185
3,2021-01-16,21742,469256,7604,281457,14138,187799,0,0,19438,305413,0.039725,2291,82129,0.010682,19459,387542,0.050407,7688185
3,2021-01-17,13111,482367,4467,285924,8644,196443,0,0,12086,316493,0.041166,1024,83153,0.010816,12104,399646,0.051982,7688185
3,2021-01-18,24574,506941,12805,298729,11769,208212,0,0,19071,330087,0.042934,5521,88674,0.011534,19115,418761,0.054468,7688185
3,2021-01-19,40677,547618,20780,319509,19897,228109,0,0,31643,352801,0.045889,9009,97683,0.012706,31723,450484,0.058594,7688185
3,2021-01-20,44785,592403,22091,341600,22694,250803,0,0,35483,379101,0.04931,9259,106942,0.01391,35559,486043,0.063219,7688185
3,2021-01-21,47151,639554,20348,361948,26803,277606,0,0,41742,415568,0.054053,5337,112279,0.014604,41804,527847,0.068657,7688185
3,2021-01-22,49248,688802,19676,381624,29572,307178,0,0,45146,456667,0.059399,4109,116388,0.015139,45208,573055,0.074537,7688185
3,2021-01-23,30007,718809,12742,394366,17265,324443,0,0,26689,480096,0.062446,3307,119695,0.015569,26736,599791,0.078015,7688185
3,2021-01-24,17609,736418,8487,402853,9122,333565,0,0,16465,495442,0.064442,1142,120837,0.015717,16488,616279,0.080159,7688185
3,2021-01-25,40311,776729,18067,420920,22244,355809,0,0,30462,516155,0.067136,9831,130668,0.016996,30544,646823,0.084132,7688185
3,2021-01-26,46628,823357,22316,443236,24312,380121,0,0,36698,543032,0.070632,9924,140592,0.018287,36801,683624,0.088919,7688185
3,2021-01-27,50327,873684,24385,467621,25942,406063,0,0,39834,572524,0.074468,10416,151008,0.019642,39908,723532,0.09411,7688185
3,2021-01-28,51332,925016,23846,491467,27486,433549,0,0,42508,606335,0.078866,8743,159751,0.020779,42554,766086,0.099645,7688185
3,2021-01-29,50197,975213,24172,515639,26025,459574,0,0,40773,637914,0.082973,9238,168989,0.02198,40817,806903,0.104954,7688185
3,2021-01-30,36598,1011811,17367,533006,19231,478805,0,0,32051,665544,0.086567,4499,173488,0.022566,32129,839032,0.109133,7688185
3,2021-01-31,22214,1034025,12825,545831,9389,488194,0,0,20730,684820,0.089074,1472,174960,0.022757,20748,859780,0.111831,7688185
3,2021-02-01,45062,1079087,20432,566263,24630,512824,0,0,34721,709280,0.092256,10299,185259,0.024097,34759,894539,0.116352,7688185
3,2021-02-02,54081,1133168,22730,588993,31351,544175,0,0,41440,738215,0.096019,12553,197812,0.025729,41488,936027,0.121749,7688185
3,2021-02-03,59624,1192792,26616,615609,33008,577183,0,0,44393,767602,0.099842,15073,212885,0.02769,44460,980487,0.127532,7688185
3,2021-02-04,63963,1256755,27828,643437,36135,613318,0,0,46927,797788,0.103768,16845,229730,0.029881,47031,1027518,0.133649,7688185
3,2021-02-05,69770,1326525,29735,673172,40035,653353,0,0,48264,824917,0.107297,21295,251025,0.032651,48424,1075942,0.139947,7688185
3,2021-02-06,43454,1369979,21171,694343,22283,675636,0,0,33708,849089,0.110441,9717,260742,0.033915,33889,1109831,0.144355,7688185
3,2021-02-07,19437,1389416,12317,706660,7120,682756,0,0,14951,859690,0.11182,4476,265218,0.034497,15077,1124908,0.146316,7688185
3,2021-02-08,50737,1440153,24469,731129,26268,709024,0,0,33305,875867,0.113924,17312,282530,0.036749,33489,1158397,0.150672,7688185
3,2021-02-09,58087,1498240,28268,759397,29819,738843,0,0,34108,886510,0.115308,23809,306339,0.039845,34452,1192849,0.155154,7688185
3,2021-02-10,67364,1565604,31338,790735,36026,774869,0,0,36592,893085,0.116163,30544,336883,0.043818,37119,1229968,0.159982,7688185
3,2021-02-11,70093,1635697,34630,825365,35463,810332,0,0,37767,899394,0.116984,31987,368870,0.047979,38296,1268264,0.164963,7688185
3,2021-02-12,74689,1710386,32364,857729,42325,852657,0,0,41393,908529,0.118172,33012,401882,0.052273,42147,1310411,0.170445,7688185
3,2021-02-13,44540,1754926,20250,877979,24290,876947,0,0,25717,916149,0.119163,18677,420559,0.054702,26297,1336708,0.173865,7688185
3,2021-02-14,27095,1782021,13556,891535,13539,890486,0,0,15173,919890,0.11965,11877,432436,0.056247,15618,1352326,0.175897,7688185
3,2021-02-15,39703,1821724,17129,908664,22574,913060,0,0,22011,925229,0.120344,17604,450040,0.058537,22943,1375269,0.178881,7688185
3,2021-02-16,69410,1891134,32825,941489,36585,949645,0,0,36233,929435,0.120891,33047,483087,0.062835,37253,1412522,0.183726,7688185
3,2021-02-17,71143,1962277,36026,977515,35117,984762,0,0,33939,927459,0.120634,36986,520073,0.067646,35010,1447532,0.18828,7688185
3,2021-02-18,76161,2038438,39798,1017313,36363,1021125,0,0,35591,923949,0.120178,40439,560512,0.072906,36929,1484461,0.193083,7688185
3,2021-02-19,67946,2106384,39203,1056516,28743,1049868,0,0,34481,925750,0.120412,33369,593881,0.077246,35170,1519631,0.197658,7688185
3,2021-02-20,41565,2147949,26355,1082871,15210,1065078,0,0,22087,928935,0.120826,19393,613274,0.079768,22578,1542209,0.200595,7688185
3,2021-02-21,22308,2170257,18554,1101425,3754,1068832,0,0,10684,928441,0.120762,11554,624828,0.081271,11060,1553269,0.202033,7688185
3,2021-02-22,44809,2215066,29236,1130661,15573,1084405,0,0,21278,926742,0.120541,23455,648283,0.084322,21756,1575025,0.204863,7688185
3,2021-02-23,60278,2275344,32967,1163628,27311,1111716,0,0,26741,922060,0.119932,33404,681687,0.088667,28722,1603747,0.208599,7688185
3,2021-02-24,76168,2351512,37319,1200947,38849,1150565,0,0,34177,916913,0.119263,41820,723507,0.094106,36673,1640420,0.213369,7688185
3,2021-02-25,85105,2436617,41368,1242315,43737,1194302,0,0,42952,920500,0.119729,41938,765445,0.099561,45525,1685945,0.21929,7688185
3,2021-02-26,95413,2532030,43519,1285834,51894,1246196,0,0,51113,929825,0.120942,43975,809420,0.105281,53300,1739245,0.226223,7688185
3,2021-02-27,67431,2599461,31082,1316916,36346,1282542,3,3,35851,935567,0.121689,31407,840827,0.109366,37149,1776394,0.231055,7688185
3,2021-02-28,37630,2637091,21875,1338791,15754,1298296,1,4,19527,938089,0.122017,17954,858781,0.111701,20476,1796870,0.233718,7688185
3,2021-03-01,65674,2702765,34993,1373784,30667,1328963,14,18,36758,947424,0.123231,28765,887546,0.115443,38100,1834970,0.238674,7688185
3,2021-03-02,77317,2780082,38319,1412103,38995,1367958,3,21,45408,963096,0.12527,31794,919340,0.119578,47466,1882436,0.244848,7688185
3,2021-03-03,86921,2867003,41281,1453384,45626,1413584,14,35,48475,975555,0.12689,38279,957619,0.124557,50738,1933174,0.251447,7688185
3,2021-03-04,91512,2958515,44764,1498148,46733,1460317,15,50,51960,990431,0.128825,39358,996977,0.129677,54234,1987408,0.258502,7688185
3,2021-03-05,87480,3045995,42485,1540633,44706,1505023,289,339,53309,1012288,0.131668,33956,1030933,0.134093,55813,2043221,0.265761,7688185
3,2021-03-06,63860,3109855,32080,1572713,29644,1534667,2136,2475,36541,1025238,0.133352,27194,1058127,0.13763,40144,2083365,0.270983,7688185
3,2021-03-07,36490,3146345,21543,1594256,13838,1548505,1109,3584,20911,1032891,0.134348,15528,1073655,0.13965,23181,2106546,0.273998,7688185
3,2021-03-08,57823,3204168,27397,1621653,27607,1576112,2819,6403,36651,1052844,0.136943,21061,1094716,0.142389,41014,2147560,0.279333,7688185
3,2021-03-09,70217,3274385,29790,1651443,36091,1612203,4336,10739,36514,1061280,0.13804,33595,1128311,0.146759,42031,2189591,0.284799,7688185
3,2021-03-10,80083,3354468,39444,1690887,34617,1646820,6022,16761,41455,1071703,0.139396,38461,1166772,0.151762,48884,2238475,0.291158,7688185
3,2021-03-11,95763,3450231,46871,1737758,40384,1687204,8508,25269,47199,1080203,0.140502,48326,1215098,0.158047,56826,2295301,0.298549,7688185
3,2021-03-12,100352,3550583,44614,1782372,43949,1731153,11789,37058,46108,1085171,0.141148,54071,1269169,0.16508,59039,2354340,0.306228,7688185
3,2021-03-13,68674,3619257,29081,1811453,32404,1763557,7189,44247,36080,1097326,0.142729,32494,1301663,0.169307,44649,2398989,0.312036,7688185
3,2021-03-14,40221,3659478,21145,1832598,15594,1779151,3482,47729,20625,1102537,0.143407,19535,1321198,0.171848,24746,2423735,0.315255,7688185
3,2021-03-15,74465,3733943,35299,1867897,34671,1813822,4495,52224,39475,1112680,0.144726,34834,1356032,0.176379,44977,2468712,0.321105,7688185
3,2021-03-16,93899,3827842,43237,1911134,46410,1860232,4252,56476,53186,1130515,0.147046,40529,1396561,0.18165,58364,2527076,0.328696,7688185
3,2021-03-17,96472,3924314,46821,1957955,45257,1905489,4394,60870,59038,1157370,0.150539,37249,1433810,0.186495,64104,2591180,0.337034,7688185
3,2021-03-18,101695,4026009,51591,2009546,45742,1951231,4362,65232,59304,1179406,0.153405,42185,1475995,0.191982,64221,2655401,0.345387,7688185
3,2021-03-19,101150,4127159,53972,2063518,42791,1994022,4387,69619,57460,1198327,0.155866,43469,1519464,0.197636,62390,2717791,0.353502,7688185
3,2021-03-20,70352,4197511,36221,2099739,30574,2024596,3557,73176,43958,1220107,0.158699,26234,1545698,0.201048,48014,2765805,0.359747,7688185
3,2021-03-21,35381,4232892,24048,2123787,9872,2034468,1461,74637,22966,1232658,0.160331,12345,1558043,0.202654,24896,2790701,0.362986,7688185
3,2021-03-22,69313,4302205,40703,2164490,26144,2060612,2466,77103,45031,1257057,0.163505,24106,1582149,0.20579,48505,2839206,0.369295,7688185
3,2021-03-23,88578,4390783,48831,2213321,37296,2097908,2451,79554,55052,1281957,0.166744,33306,1615455,0.210122,58206,2897412,0.376866,7688185
3,2021-03-24,97514,4488297,56221,2269542,38506,2136414,2787,82341,56947,1302022,0.169354,40276,1655731,0.21536,60341,2957753,0.384714,7688185
3,2021-03-25,105858,4594155,58885,2328427,44129,2180543,2844,85185,61080,1322096,0.171965,44502,1700233,0.221149,64576,3022329,0.393113,7688185
3,2021-03-26,108784,4702939,58287,2386714,47287,2227830,3210,88395,58036,1333702,0.173474,50489,1750722,0.227716,62095,3084424,0.40119,7688185
3,2021-03-27,73155,4776094,37054,2423768,33576,2261406,2525,90920,36637,1337198,0.173929,36342,1787064,0.232443,39838,3124262,0.406372,7688185
3,2021-03-28,43270,4819364,27167,2450935,15299,2276705,804,91724,23096,1341515,0.17449,20080,1807144,0.235055,24397,3148659,0.409545,7688185
3,2021-03-29,79593,4898957,41586,2492521,36235,2312940,1772,93496,44980,1354651,0.176199,34419,1841563,0.239532,47555,3196214,0.415731,7688185
3,2021-03-30,98779,4997736,48561,2541082,46661,2359601,3557,97053,59766,1379775,0.179467,38806,1880369,0.244579,63930,3260144,0.424046,7688185
3,2021-03-31,103612,5101348,55891,2596973,42991,2402592,4730,101783,57422,1396234,0.181608,46028,1926397,0.250566,62487,3322631,0.432174,7688185
3,2021-04-01,121688,5223036,61618,2658591,50661,2453253,9409,111192,66508,1417629,0.184391,54917,1981314,0.257709,76312,3398943,0.4421,7688185
3,2021-04-02,116066,5339102,56674,2715265,49364,2502617,10028,121220,61861,1436070,0.186789,53990,2035304,0.264731,72431,3471374,0.451521,7688185
3,2021-04-03,74992,5414094,38248,2753513,27739,2530356,9005,130225,37757,1446068,0.18809,37124,2072428,0.26956,47122,3518496,0.45765,7688185
3,2021-04-04,32186,5446280,17204,2770717,10835,2541191,4147,134372,14400,1446936,0.188203,17727,2090155,0.271866,18595,3537091,0.460068,7688185
3,2021-04-05,87985,5534265,44719,2815436,34333,2575524,8933,143305,43581,1456051,0.189388,44245,2134400,0.277621,53360,3590451,0.467009,7688185
3,2021-04-06,112144,5646409,54733,2870169,42425,2617949,14986,158291,53396,1466642,0.190766,58527,2192927,0.285233,69118,3659569,0.475999,7688185
3,2021-04-07,114743,5761152,59692,2929861,39017,2656966,16034,174325,56133,1480699,0.192594,58410,2251337,0.292831,72467,3732036,0.485425,7688185
3,2021-04-08,119804,5880956,59996,2989857,40011,2696977,19797,194122,56046,1493823,0.194301,63519,2314856,0.301093,76643,3808679,0.495394,7688185
3,2021-04-09,116549,5997505,58261,3048118,39444,2736421,18844,212966,51702,1500636,0.195187,64655,2379511,0.309502,71468,3880147,0.50469,7688185
3,2021-04-10,82525,6080030,37463,3085581,30051,2766472,15011,227977,33963,1502027,0.195368,48420,2427931,0.3158,49811,3929958,0.511169,7688185
3,2021-04-11,44575,6124605,23965,3109546,12674,2779146,7936,235913,17139,1500578,0.19518,27360,2455291,0.319359,25911,3955869,0.514539,7688185
3,2021-04-12,82809,6207414,41976,3151522,32263,2811409,8570,244483,38035,1503652,0.19558,44600,2499891,0.32516,47674,4003543,0.52074,7688185
3,2021-04-13,104163,6311577,56536,3208058,47421,2858830,206,244689,55361,1511460,0.196595,48627,2548518,0.331485,56435,4059978,0.52808,7688185
3,2021-04-14,105301,6416878,57832,3265890,47378,2906208,91,244780,53125,1514148,0.196945,51944,2600462,0.338241,54632,4114610,0.535186,7688185
3,2021-04-15,117542,6534420,66217,3332107,51269,2957477,56,244836,63372,1524418,0.198281,53939,2654401,0.345257,64209,4178819,0.543538,7688185
3,2021-04-16,113506,6647926,63803,3395910,49614,3007091,89,244925,59728,1531348,0.199182,53542,2707943,0.352221,60472,4239291,0.551403,7688185
3,2021-04-17,77655,6725581,42483,3438393,35160,3042251,12,244937,43471,1541736,0.200533,34042,2741985,0.356649,44430,4283721,0.557182,7688185
3,2021-04-18,36833,6762414,21830,3460223,15000,3057251,3,244940,17470,1540774,0.200408,19290,2761275,0.359158,18328,4302049,0.559566,7688185
3,2021-04-19,77856,6840270,43606,3503829,34199,3091450,51,244991,35408,1534434,0.199583,42325,2803600,0.364663,35985,4338034,0.564247,7688185
3,2021-04-20,97569,6937839,50647,3554476,46912,3138362,10,245001,47741,1533571,0.199471,49650,2853250,0.371121,48787,4386821,0.570593,7688185
3,2021-04-21,100461,7038300,55497,3609973,44903,3183265,61,245062,47801,1529983,0.199004,52408,2905658,0.377938,48820,4435641,0.576943,7688185
3,2021-04-22,108297,7146597,60525,3670498,47753,3231018,19,245081,46917,1516744,0.197282,61111,2966769,0.385887,47872,4483513,0.583169,7688185
3,2021-04-23,102512,7249109,58372,3728870,44118,3275136,22,245103,45171,1505878,0.195869,57049,3023818,0.393307,46183,4529696,0.589176,7688185
3,2021-04-24,72349,7321458,44907,3773777,27385,3302521,57,245160,35463,1505704,0.195846,36654,3060472,0.398075,36480,4566176,0.593921,7688185
3,2021-04-25,36108,7357566,23335,3797112,12759,3315280,14,245174,18646,1507390,0.196066,17355,3077827,0.400332,19041,4585217,0.596398,7688185
3,2021-04-26,67112,7424678,37926,3835038,28811,3344091,375,245549,28611,1499363,0.195022,38297,3116124,0.405313,30270,4615487,0.600335,7688185
3,2021-04-27,84442,7509120,44315,3879353,38729,3382820,1398,246947,33842,1484979,0.193151,50359,3166483,0.411864,35975,4651462,0.605014,7688185
3,2021-04-28,83310,7592430,46939,3926292,34292,3417112,2079,249026,33735,1471963,0.191458,49353,3215836,0.418283,36337,4687799,0.609741,7688185
3,2021-04-29,85212,7677642,48455,3974747,34605,3451717,2152,251178,29788,1449191,0.188496,55188,3271024,0.425461,32416,4720215,0.613957,7688185
3,2021-04-30,87550,7765192,49294,4024041,35825,3487542,2431,253609,32567,1429894,0.185986,54738,3325762,0.432581,35441,4755656,0.618567,7688185
3,2021-05-01,54099,7819291,34205,4058246,18468,3506010,1426,255035,19465,1416780,0.18428,34484,3360246,0.437066,21370,4777026,0.621346,7688185
3,2021-05-02,26470,7845761,17999,4076245,7464,3513474,1007,256042,9747,1410980,0.183526,16653,3376899,0.439232,10853,4787879,0.622758,7688185
3,2021-05-03,58560,7904321,34424,4110669,21811,3535285,2325,258367,17131,1389349,0.180712,41265,3418164,0.4446,19634,4807513,0.625312,7688185
3,2021-05-04,75224,7979545,43052,4153721,29559,3564844,2613,260980,21990,1361235,0.177055,52994,3471158,0.451493,24880,4832393,0.628548,7688185
3,2021-05-05,76129,8055674,45455,4199176,28041,3592885,2633,263613,20954,1330167,0.173014,54916,3526074,0.458635,23848,4856241,0.63165,7688185
3,2021-05-06,80743,8136417,51053,4250229,27260,3620145,2430,266043,20272,1293322,0.168222,60096,3586170,0.466452,23251,4879492,0.634674,7688185
3,2021-05-07,79277,8215694,49208,4299437,27510,3647655,2559,268602,21269,1259708,0.16385,57732,3643902,0.473961,24118,4903610,0.637811,7688185
3,2021-05-08,49989,8265683,30901,4330338,17461,3665116,1627,270229,13380,1238648,0.161111,36311,3680213,0.478684,15251,4918861,0.639795,7688185
3,2021-05-09,20352,8286035,14727,4345065,4836,3669952,789,271018,5603,1230477,0.160048,14630,3694843,0.480587,6459,4925320,0.640635,7688185
3,2021-05-10,46065,8332100,24733,4369798,19457,3689409,1875,272893,10989,1208708,0.157216,34887,3729730,0.485125,13118,4938438,0.642341,7688185
3,2021-05-11,59259,8391359,32643,4402441,24609,3714018,2007,274900,15037,1182140,0.153761,44038,3773768,0.490853,17470,4955908,0.644614,7688185
3,2021-05-12,58579,8449938,33416,4435857,23045,3737063,2118,277018,15446,1157026,0.150494,42941,3816709,0.496438,17827,4973735,0.646932,7688185
3,2021-05-13,65809,8515747,41353,4477210,22739,3759802,1717,278735,23721,1141085,0.148421,41909,3858618,0.501889,25968,4999703,0.65031,7688185
3,2021-05-14,74597,8590344,47263,4524473,25323,3785125,2011,280746,29253,1127802,0.146693,45123,3903741,0.507758,31840,5031543,0.654451,7688185
3,2021-05-15,55003,8645347,37626,4562099,16312,3801437,1065,281811,22079,1118343,0.145463,32777,3936518,0.512022,23318,5054861,0.657484,7688185
3,2021-05-16,17895,8663242,14043,4576142,3495,3804932,357,282168,6976,1114856,0.145009,10857,3947375,0.513434,7370,5062231,0.658443,7688185
3,2021-05-17,30257,8693499,18589,4594731,10659,3815591,1009,283177,9957,1105772,0.143827,20134,3967509,0.516053,11050,5073281,0.65988,7688185
4,2020-12-15,444,444,444,444,0,0,0,0,444,444,5.9e-05,0,0,0.0,444,444,5.9e-05,7584050
4,2020-12-16,2959,3403,2959,3403,0,0,0,0,2959,3403,0.000449,0,0,0.0,2959,3403,0.000449,7584050
4,2020-12-17,8527,11930,8527,11930,0,0,0,0,8528,11931,0.001573,0,0,0.0,8528,11931,0.001573,7584050
4,2020-12-18,15388,27318,15379,27309,9,9,0,0,15388,27319,0.003602,0,0,0.0,15388,27319,0.003602,7584050
4,2020-12-19,10233,37551,10226,37535,7,16,0,0,10168,37487,0.004943,0,0,0.0,10168,37487,0.004943,7584050
4,2020-12-20,7352,44903,7345,44880,7,23,0,0,7307,44794,0.005906,0,0,0.0,7307,44794,0.005906,7584050
4,2020-12-21,16276,61179,16253,61133,23,46,0,0,16209,61003,0.008044,0,0,0.0,16209,61003,0.008044,7584050
4,2020-12-22,17091,78270,16361,77494,730,776,0,0,17047,78050,0.010291,0,0,0.0,17047,78050,0.010291,7584050
4,2020-12-23,16925,95195,14237,91731,2688,3464,0,0,16897,94947,0.012519,0,0,0.0,16897,94947,0.012519,7584050
4,2020-12-24,8540,103735,5958,97689,2582,6046,0,0,8540,103487,0.013645,0,0,0.0,8540,103487,0.013645,7584050
4,2020-12-25,900,104635,796,98485,104,6150,0,0,900,104387,0.013764,0,0,0.0,900,104387,0.013764,7584050
4,2020-12-26,6168,110803,3866,102351,2302,8452,0,0,6168,110555,0.014577,0,0,0.0,6168,110555,0.014577,7584050
4,2020-12-27,3416,114219,1996,104347,1420,9872,0,0,3416,113971,0.015028,0,0,0.0,3416,113971,0.015028,7584050
4,2020-12-28,14961,129180,9248,113595,5713,15585,0,0,14931,128901,0.016996,1,1,0.0,14931,128902,0.016996,7584050
4,2020-12-29,15231,144411,8427,122022,6804,22389,0,0,15198,144099,0.019,0,1,0.0,15198,144100,0.019,7584050
4,2020-12-30,18867,163278,11051,133073,7816,30205,0,0,18856,162953,0.021486,2,3,0.0,18856,162956,0.021487,7584050
4,2020-12-31,8193,171471,3323,136396,4870,35075,0,0,8188,171139,0.022566,2,5,1e-06,8188,171144,0.022566,7584050
4,2021-01-01,1248,172719,532,136928,716,35791,0,0,1246,172383,0.02273,2,7,1e-06,1246,172390,0.022731,7584050
4,2021-01-02,5663,178382,3197,140125,2466,38257,0,0,5662,178044,0.023476,1,8,1e-06,5662,178052,0.023477,7584050
4,2021-01-03,2127,180509,1261,141386,866,39123,0,0,2113,180153,0.023754,4,12,2e-06,2113,180165,0.023756,7584050
4,2021-01-04,12954,193463,7065,148451,5889,45012,0,0,12906,193029,0.025452,30,42,6e-06,12906,193071,0.025458,7584050
4,2021-01-05,16770,210233,9919,158370,6851,51863,0,0,14745,205781,0.027133,2004,2046,0.00027,14756,207827,0.027403,7584050
4,2021-01-06,21476,231709,13161,171531,8315,60178,0,0,15633,215635,0.028433,5792,7838,0.001033,15646,223473,0.029466,7584050
4,2021-01-07,27761,259470,16927,188458,10834,71012,0,0,16980,221902,0.029259,10726,18564,0.002448,16993,240466,0.031707,7584050
4,2021-01-08,32613,292083,20924,209382,11689,82701,0,0,18475,226326,0.029842,14069,32633,0.004303,18493,258959,0.034145,7584050
4,2021-01-09,16154,308237,9557,218939,6597,89298,0,0,9420,229045,0.030201,6712,39345,0.005188,9431,268390,0.035389,7584050
4,2021-01-10,8707,316944,5624,224563,3083,92381,0,0,4108,228583,0.03014,4578,43923,0.005791,4116,272506,0.035931,7584050
4,2021-01-11,33266,350210,21803,246366,11463,103844,0,0,18772,232942,0.030715,14452,58375,0.007697,18811,291317,0.038412,7584050
4,2021-01-12,38089,388299,21878,268244,16211,120055,0,0,24077,243095,0.032053,13963,72338,0.009538,24116,315433,0.041592,7584050
4,2021-01-13,38422,426721,18911,287155,19511,139566,0,0,27234,259220,0.03418,11134,83472,0.011006,27259,342692,0.045186,7584050
4,2021-01-14,38882,465603,14863,302018,24019,163585,0,0,31840,284092,0.037459,6995,90467,0.011929,31867,374559,0.049388,7584050
4,2021-01-15,45062,510665,15602,317620,29460,193045,0,0,39548,318202,0.041957,5458,95925,0.012648,39568,414127,0.054605,7584050
4,2021-01-16,28530,539195,9342,326962,19188,212233,0,0,25427,340576,0.044907,3067,98992,0.013053,25441,439568,0.05796,7584050
4,2021-01-17,18946,558141,6650,333612,12296,224529,0,0,17436,356542,0.047012,1485,100477,0.013248,17451,457019,0.060261,7584050
4,2021-01-18,29427,587568,13664,347276,15763,240292,0,0,23478,374193,0.049339,5858,106335,0.014021,23509,480528,0.06336,7584050
4,2021-01-19,45763,633331,22947,370223,22816,263108,0,0,36454,401465,0.052935,9254,115589,0.015241,36526,517054,0.068177,7584050
4,2021-01-20,51546,684877,27356,397579,24190,287298,0,0,41152,432373,0.057011,10298,125887,0.016599,41206,558260,0.07361,7584050
4,2021-01-21,56307,741184,24926,422505,31381,318679,0,0,49926,476019,0.062766,6322,132209,0.017433,49968,608228,0.080198,7584050
4,2021-01-22,54791,795975,22010,444515,32781,351460,0,0,49717,520782,0.068668,4980,137189,0.018089,49743,657971,0.086757,7584050
4,2021-01-23,39374,835349,17405,461920,21969,373429,0,0,35082,551609,0.072733,4284,141473,0.018654,35111,693082,0.091387,7584050
4,2021-01-24,23897,859246,10494,472414,13403,386832,0,0,22027,571791,0.075394,1862,143335,0.0189,22044,715126,0.094293,7584050
4,2021-01-25,47613,906859,22007,494421,25606,412438,0,0,36586,597434,0.078775,10997,154332,0.02035,36640,751766,0.099125,7584050
4,2021-01-26,56284,963143,28750,523171,27534,439972,0,0,44181,629623,0.083019,12050,166382,0.021938,44239,796005,0.104958,7584050
4,2021-01-27,55146,1018289,26654,549825,28492,468464,0,0,44240,663143,0.087439,10773,177155,0.023359,44293,840298,0.110798,7584050
4,2021-01-28,56093,1074382,25324,575149,30769,499233,0,0,46238,699659,0.092254,9763,186918,0.024646,46279,886577,0.1169,7584050
4,2021-01-29,56031,1130413,26949,602098,29082,528315,0,0,45776,735348,0.09696,10114,197032,0.02598,45803,932380,0.12294,7584050
4,2021-01-30,37500,1167913,17086,619184,20414,548729,0,0,32257,762431,0.100531,5198,202230,0.026665,32281,964661,0.127196,7584050
4,2021-01-31,23803,1191716,12515,631699,11288,560017,0,0,22201,783060,0.103251,1587,203817,0.026874,22216,986877,0.130125,7584050
4,2021-02-01,48290,1240006,22811,654510,25479,585496,0,0,37935,810712,0.106897,10325,214142,0.028236,37977,1024854,0.135133,7584050
4,2021-02-02,55839,1295845,26326,680836,29513,615009,0,0,42101,839254,0.11066,13600,227742,0.030029,42142,1066996,0.140689,7584050
4,2021-02-03,61800,1357645,30407,711243,31393,646402,0,0,47594,872808,0.115085,14096,241838,0.031888,47650,1114646,0.146972,7584050
4,2021-02-04,67276,1424921,31380,742623,35896,682298,0,0,50638,907068,0.119602,16483,258321,0.034061,50743,1165389,0.153663,7584050
4,2021-02-05,72687,1497608,33695,776318,38992,721290,0,0,50785,936323,0.123459,21662,279983,0.036917,50917,1216306,0.160377,7584050
4,2021-02-06,48022,1545630,26015,802333,22007,743297,0,0,36598,961728,0.126809,11394,291377,0.03842,36799,1253105,0.165229,7584050
4,2021-02-07,26283,1571913,17350,819683,8933,752230,0,0,19916,975539,0.12863,6341,297718,0.039256,20152,1273257,0.167886,7584050
4,2021-02-08,58130,1630043,29851,849534,28279,780509,0,0,37868,993529,0.131002,20135,317853,0.041911,38125,1311382,0.172913,7584050
4,2021-02-09,66881,1696924,34085,883619,32796,813305,0,0,39286,1005683,0.132605,27531,345384,0.045541,39685,1351067,0.178146,7584050
4,2021-02-10,76846,1773770,38473,922092,38373,851678,0,0,40860,1011326,0.133349,35754,381138,0.050255,41397,1392464,0.183604,7584050
4,2021-02-11,80671,1854441,42092,964184,38579,890257,0,0,41828,1015186,0.133858,38627,419765,0.055348,42487,1434951,0.189206,7584050
4,2021-02-12,83769,1938210,37539,1001723,46230,936487,0,0,43249,1018869,0.134344,40349,460114,0.060669,44032,1478983,0.195012,7584050
4,2021-02-13,58342,1996552,29584,1031307,28758,965245,0,0,29819,1021176,0.134648,28409,488523,0.064415,30716,1509699,0.199062,7584050
4,2021-02-14,36638,2033190,19046,1050353,17592,982837,0,0,18835,1022907,0.134876,17759,506282,0.066756,19490,1529189,0.201632,7584050
4,2021-02-15,45889,2079079,21511,1071864,24378,1007215,0,0,23647,1025554,0.135225,22174,528456,0.06968,24821,1554010,0.204905,7584050
4,2021-02-16,79490,2158569,36390,1108254,43100,1050315,0,0,40655,1028674,0.135637,38742,567198,0.074788,41862,1595872,0.210425,7584050
4,2021-02-17,80806,2239375,38106,1146360,42700,1093015,0,0,38632,1026419,0.135339,42013,609211,0.080328,39758,1635630,0.215667,7584050
4,2021-02-18,82655,2322030,45507,1191867,37148,1130163,0,0,38408,1022211,0.134784,44085,653296,0.086141,39877,1675507,0.220925,7584050
4,2021-02-19,81628,2403658,51355,1243222,30273,1160436,0,0,41009,1023430,0.134945,40480,693776,0.091478,41699,1717206,0.226423,7584050
4,2021-02-20,48267,2451925,32238,1275460,16029,1176465,0,0,26427,1028761,0.135648,21782,715558,0.09435,27113,1744319,0.229998,7584050
4,2021-02-21,28745,2480670,23132,1298592,5613,1182078,0,0,13895,1028148,0.135567,14788,730346,0.0963,14175,1758494,0.231867,7584050
4,2021-02-22,52311,2532981,36053,1334645,16258,1198336,0,0,25491,1027342,0.135461,26734,757080,0.099825,25928,1784422,0.235286,7584050
4,2021-02-23,73094,2606075,40576,1375221,32518,1230854,0,0,32418,1020856,0.134606,40562,797642,0.105174,34076,1818498,0.239779,7584050
4,2021-02-24,87900,2693975,46390,1421611,41510,1272364,0,0,39969,1015234,0.133864,47736,845378,0.111468,42114,1860612,0.245332,7584050
4,2021-02-25,98116,2792091,51111,1472722,47005,1319369,0,0,47209,1014221,0.133731,50760,896138,0.118161,49747,1910359,0.251892,7584050
4,2021-02-26,104114,2896205,52520,1525242,51594,1370963,0,0,53890,1020445,0.134551,49997,946135,0.124753,56221,1966580,0.259305,7584050
4,2021-02-27,75584,2971789,41260,1566502,34318,1405281,6,6,40510,1027478,0.135479,34955,981090,0.129362,41988,2008568,0.264841,7584050
4,2021-02-28,45034,3016823,27927,1594429,17105,1422386,2,8,25101,1033657,0.136294,19802,1000892,0.131973,25981,2034549,0.268267,7584050
4,2021-03-01,75260,3092083,44234,1638663,31010,1453396,16,24,41668,1043134,0.137543,33386,1034278,0.136375,42863,2077412,0.273919,7584050
4,2021-03-02,84396,3176479,48654,1687317,35738,1489134,4,28,50199,1061064,0.139907,34053,1068331,0.140866,51983,2129395,0.280773,7584050
4,2021-03-03,98059,3274538,51731,1739048,46316,1535450,12,40,54561,1074094,0.141625,43311,1111642,0.146576,56341,2185736,0.288202,7584050
4,2021-03-04,95531,3370069,52983,1792031,42534,1577984,14,54,52436,1085405,0.143117,42906,1154548,0.152234,54217,2239953,0.295351,7584050
4,2021-03-05,92392,3462461,49388,1841419,42692,1620676,312,366,54698,1104810,0.145675,37520,1192068,0.157181,56925,2296878,0.302856,7584050
4,2021-03-06,74883,3537344,41953,1883372,30329,1651005,2601,2967,45808,1125585,0.148415,28975,1221043,0.161001,49750,2346628,0.309416,7584050
4,2021-03-07,41483,3578827,26280,1909652,14044,1665049,1159,4126,24635,1135670,0.149745,16793,1237836,0.163216,26878,2373506,0.31296,7584050
4,2021-03-08,65066,3643893,33752,1943404,28145,1693194,3169,7295,42763,1160745,0.153051,22201,1260037,0.166143,47276,2420782,0.319194,7584050
4,2021-03-09,73772,3717665,34193,1977597,34484,1727678,5095,12390,38259,1169867,0.154254,35363,1295400,0.170806,44485,2465267,0.325059,7584050
4,2021-03-10,88133,3805798,44697,2022294,36045,1763723,7391,19781,44094,1178454,0.155386,43874,1339274,0.176591,52461,2517728,0.331977,7584050
4,2021-03-11,99823,3905621,52515,2074809,38955,1802678,8353,28134,46261,1180834,0.1557,53365,1392639,0.183627,55745,2573473,0.339327,7584050
4,2021-03-12,103384,4009005,50908,2125717,42281,1844959,10195,38329,44310,1177432,0.155251,58859,1451498,0.191388,55457,2628930,0.346639,7584050
4,2021-03-13,79893,4088898,37155,2162872,34384,1879343,8354,46683,37526,1182219,0.155882,42253,1493751,0.19696,47040,2675970,0.352842,7584050
4,2021-03-14,49027,4137925,27918,2190790,17522,1896865,3587,50270,23109,1183712,0.156079,25841,1519592,0.200367,27334,2703304,0.356446,7584050
4,2021-03-15,82942,4220867,44415,2235205,34332,1931197,4195,54465,42682,1191370,0.157089,40061,1559653,0.205649,47719,2751023,0.362738,7584050
4,2021-03-16,106600,4327467,55349,2290554,47896,1979093,3355,57820,56797,1202628,0.158573,49597,1609250,0.212189,60855,2811878,0.370762,7584050
4,2021-03-17,105137,4432604,56499,2347053,45243,2024336,3395,61215,61847,1225378,0.161573,43067,1652317,0.217867,65817,2877695,0.37944,7584050
4,2021-03-18,105340,4537944,58319,2405372,43410,2067746,3611,64826,60431,1245188,0.164185,44672,1696989,0.223758,64482,2942177,0.387943,7584050
4,2021-03-19,109254,4647198,62524,2467896,41618,2109364,5112,69938,63258,1268182,0.167217,45786,1742775,0.229795,68780,3010957,0.397012,7584050
4,2021-03-20,82342,4729540,48076,2515972,31318,2140682,2948,72886,51012,1291238,0.170257,31216,1773991,0.233911,54272,3065229,0.404168,7584050
4,2021-03-21,47317,4776857,34239,2550211,10851,2151533,2227,75113,28843,1304284,0.171977,18378,1792369,0.236334,31424,3096653,0.408311,7584050
4,2021-03-22,81041,4857898,52982,2603193,25412,2176945,2647,77760,51306,1329403,0.175289,29550,1821919,0.24023,54669,3151322,0.41552,7584050
4,2021-03-23,103197,4961095,61525,2664718,39577,2216522,2095,79855,61934,1352945,0.178393,41017,1862936,0.245639,64559,3215881,0.424032,7584050
4,2021-03-24,112213,5073308,72476,2737194,37433,2253955,2304,82159,64482,1372849,0.181018,47342,1910278,0.251881,67246,3283127,0.432899,7584050
4,2021-03-25,115574,5188882,71178,2808372,42096,2296051,2300,84459,67278,1395024,0.183942,47884,1958162,0.258195,70059,3353186,0.442137,7584050
4,2021-03-26,118095,5306977,71644,2880016,43460,2339511,2991,87450,66254,1413333,0.186356,51539,2009701,0.26499,69848,3423034,0.451346,7584050
4,2021-03-27,90153,5397130,53375,2933391,34999,2374510,1779,89229,46916,1419467,0.187165,43047,2052748,0.270666,49181,3472215,0.457831,7584050
4,2021-03-28,54940,5452070,36146,2969537,17928,2392438,866,90095,30670,1427183,0.188182,24142,2076890,0.27385,31858,3504073,0.462032,7584050
4,2021-03-29,92413,5544483,55520,3025057,34878,2427316,2015,92110,51580,1440687,0.189963,40636,2117526,0.279208,54140,3558213,0.469171,7584050
4,2021-03-30,115913,5660396,63171,3088228,48651,2475967,4091,96201,74020,1477537,0.194822,41708,2159234,0.284707,78558,3636771,0.479529,7584050
4,2021-03-31,119610,5780006,70674,3158902,42726,2518693,6210,102411,69215,1503077,0.198189,50123,2209357,0.291316,75663,3712434,0.489505,7584050
4,2021-04-01,140675,5920681,80494,3239396,47296,2565989,12885,115296,83590,1543055,0.203461,56792,2266149,0.298805,96770,3809204,0.502265,7584050
4,2021-04-02,134669,6055350,72157,3311553,49330,2615319,13182,128478,78344,1578897,0.208187,56092,2322241,0.306201,91934,3901138,0.514387,7584050
4,2021-04-03,100053,6155403,53401,3364954,33505,2648824,13147,141625,52493,1597457,0.210634,47401,2369642,0.312451,65961,3967099,0.523084,7584050
4,2021-04-04,46604,6202007,24596,3389550,14544,2663368,7464,149089,20649,1599771,0.210939,25875,2395517,0.315863,28189,3995288,0.526801,7584050
4,2021-04-05,108325,6310332,61075,3450625,34615,2697983,12635,161724,56916,1618683,0.213433,51243,2446760,0.322619,70155,4065443,0.536052,7584050
4,2021-04-06,137531,6447863,77585,3528210,40380,2738363,19566,181290,71905,1645399,0.216955,65436,2512196,0.331247,92152,4157595,0.548202,7584050
4,2021-04-07,135869,6583732,77206,3605416,38209,2776572,20454,201744,70780,1672092,0.220475,64885,2577081,0.339803,91578,4249173,0.560278,7584050
4,2021-04-08,138147,6721879,77307,3682723,35737,2812309,25103,226847,68970,1697894,0.223877,68947,2646028,0.348894,94749,4343922,0.572771,7584050
4,2021-04-09,135664,6857543,74546,3757269,38500,2850809,22618,249465,65190,1716471,0.226326,70297,2716325,0.358163,88874,4432796,0.584489,7584050
4,2021-04-10,101867,6959410,50473,3807742,32885,2883694,18509,267974,46134,1726622,0.227665,55565,2771890,0.365489,65716,4498512,0.593154,7584050
4,2021-04-11,61838,7021248,37696,3845438,13041,2896735,11101,279075,27283,1731619,0.228324,34478,2806368,0.370036,39475,4537987,0.598359,7584050
4,2021-04-12,101440,7122688,61720,3907158,29803,2926538,9917,288992,51428,1744413,0.230011,49766,2856134,0.376597,62560,4600547,0.606608,7584050
4,2021-04-13,128819,7251507,80808,3987966,47859,2974397,152,289144,77438,1771703,0.233609,51151,2907285,0.383342,78441,4678988,0.616951,7584050
4,2021-04-14,133672,7385179,85235,4073201,48366,3022763,71,289215,74602,1788755,0.235857,58819,2966104,0.391098,75871,4754859,0.626955,7584050
4,2021-04-15,154151,7539330,102741,4175942,51375,3074138,35,289250,95247,1826157,0.240789,58614,3024718,0.398826,96016,4850875,0.639615,7584050
4,2021-04-16,141427,7680757,89877,4265819,51476,3125614,74,289324,82858,1851422,0.24412,58364,3083082,0.406522,83629,4934504,0.650642,7584050
4,2021-04-17,99573,7780330,62924,4328743,36641,3162255,8,289332,58619,1870420,0.246625,40751,3123833,0.411895,59749,4994253,0.658521,7584050
4,2021-04-18,53707,7834037,35960,4364703,17744,3179999,3,289335,30630,1879008,0.247758,22983,3146816,0.414926,31571,5025824,0.662683,7584050
4,2021-04-19,99825,7933862,66018,4430721,33795,3213794,12,289347,51227,1882409,0.248206,48420,3195236,0.42131,51821,5077645,0.669516,7584050
4,2021-04-20,126660,8060522,74374,4505095,52281,3266075,5,289352,66536,1890130,0.249224,59857,3255093,0.429202,67578,5145223,0.678427,7584050
4,2021-04-21,126692,8187214,81409,4586504,45234,3311309,49,289401,64201,1893155,0.249623,62222,3317315,0.437407,65247,5210470,0.68703,7584050
4,2021-04-22,136472,8323686,89998,4676502,46455,3357764,19,289420,61265,1880613,0.247969,74914,3392229,0.447285,62372,5272842,0.695254,7584050
4,2021-04-23,129859,8453545,84073,4760575,45765,3403529,21,289441,56559,1865298,0.24595,73019,3465248,0.456913,57704,5330546,0.702863,7584050
4,2021-04-24,96744,8550289,65682,4826257,31010,3434539,52,289493,44691,1859266,0.245155,51815,3517063,0.463745,45783,5376329,0.708899,7584050
4,2021-04-25,49158,8599447,34997,4861254,14137,3448676,24,289517,25924,1862518,0.245584,23122,3540185,0.466793,26374,5402703,0.712377,7584050
4,2021-04-26,83169,8682616,55099,4916353,27698,3476374,372,289889,32805,1846818,0.243513,50143,3590328,0.473405,34443,5437146,0.716919,7584050
4,2021-04-27,105373,8787989,64909,4981262,38670,3515044,1794,291683,38196,1820621,0.240059,66914,3657242,0.482228,40717,5477863,0.722287,7584050
4,2021-04-28,99083,8887072,64313,5045575,32299,3547343,2471,294154,35421,1795696,0.236773,63432,3720674,0.490592,38507,5516370,0.727365,7584050
4,2021-04-29,100430,8987502,63636,5109211,34309,3581652,2485,296639,31426,1761432,0.232255,68742,3789416,0.499656,34478,5550848,0.731911,7584050
4,2021-04-30,101019,9088521,63595,5172806,34789,3616441,2635,299274,34447,1732841,0.228485,66282,3855698,0.508396,37691,5588539,0.736881,7584050
4,2021-05-01,68084,9156605,45376,5218182,20956,3637397,1752,301026,19803,1706893,0.225064,48126,3903824,0.514741,22178,5610717,0.739805,7584050
4,2021-05-02,37140,9193745,26308,5244490,9562,3646959,1270,302296,10495,1692247,0.223132,26547,3930371,0.518242,11901,5622618,0.741374,7584050
4,2021-05-03,77499,9271244,54273,5298763,20784,3667743,2442,304738,19077,1655888,0.218338,58217,3988588,0.525918,21858,5644476,0.744256,7584050
4,2021-05-04,97868,9369112,66488,5365251,28663,3696406,2717,307455,22229,1605787,0.211732,75403,4063991,0.53586,25302,5669778,0.747592,7584050
4,2021-05-05,98620,9467732,69215,5434466,26699,3723105,2706,310161,21551,1553523,0.204841,76793,4140784,0.545986,24529,5694307,0.750827,7584050
4,2021-05-06,108652,9576384,81357,5515823,24409,3747514,2886,313047,19363,1487977,0.196198,88904,4229688,0.557708,23358,5717665,0.753907,7584050
4,2021-05-07,102045,9678429,73229,5589052,26156,3773670,2660,315707,20197,1429697,0.188514,81532,4311220,0.568459,23252,5740917,0.756972,7584050
4,2021-05-08,65816,9744245,45036,5634088,18927,3792597,1853,317560,13107,1392471,0.183605,52515,4363735,0.575383,15289,5756206,0.758988,7584050
4,2021-05-09,33165,9777410,27045,5661133,5186,3797783,934,318494,7833,1376095,0.181446,25231,4388966,0.57871,8855,5765061,0.760156,7584050
4,2021-05-10,61730,9839140,41049,5702182,18421,3816204,2260,320754,10761,1338608,0.176503,50806,4439772,0.585409,13319,5778380,0.761912,7584050
4,2021-05-11,75769,9914909,46247,5748429,27551,3843755,1971,322725,14788,1295005,0.170754,60783,4500555,0.593424,17180,5795560,0.764177,7584050
4,2021-05-12,71600,9986509,47066,5795495,22345,3866100,2189,324914,15619,1257345,0.165788,55770,4556325,0.600777,18110,5813670,0.766565,7584050
4,2021-05-13,92147,10078656,67408,5862903,23337,3889437,1402,326316,35110,1237626,0.163188,56817,4613142,0.608269,37098,5850768,0.771457,7584050
4,2021-05-14,97502,10176158,68290,5931193,27193,3916630,2019,328335,37739,1218344,0.160646,59516,4672658,0.616116,40234,5891002,0.776762,7584050
4,2021-05-15,76487,10252645,58637,5989830,16722,3933352,1128,329463,33067,1209500,0.159479,43244,4715902,0.621818,34400,5925402,0.781298,7584050
4,2021-05-16,28348,10280993,23124,6012954,4949,3938301,275,329738,10348,1202248,0.158523,17935,4733837,0.624183,10683,5936085,0.782706,7584050
4,2021-05-17,35668,10316661,24935,6037889,9830,3948131,903,330641,13194,1194069,0.157445,22367,4756204,0.627132,14188,5950273,0.784577,7584050
